# Step Strain Stress Density
1 3.000000e-09 3.385521e+02 2.044290e+12 
2 6.600000e-09 1.007470e+03 2.044190e+12 
3 1.092000e-08 1.690373e+03 2.044022e+12 
4 1.610400e-08 2.516384e+03 2.043984e+12 
5 2.232480e-08 3.388437e+03 2.043912e+12 
6 2.978976e-08 4.410769e+03 2.043816e+12 
7 3.874771e-08 5.802854e+03 2.043630e+12 
8 4.949725e-08 6.728680e+03 2.043880e+12 
9 6.239671e-08 8.667476e+03 2.043511e+12 
10 7.787605e-08 1.101012e+04 2.043246e+12 
11 9.645126e-08 1.323964e+04 2.043212e+12 
12 1.187415e-07 1.574090e+04 2.043473e+12 
13 1.454898e-07 1.853799e+04 2.043809e+12 
14 1.775878e-07 2.223623e+04 2.043998e+12 
15 2.161053e-07 2.588731e+04 2.044830e+12 
16 2.623264e-07 3.202962e+04 2.044083e+12 
17 3.177917e-07 3.805703e+04 2.045137e+12 
18 3.843500e-07 4.528716e+04 2.046359e+12 
19 4.642200e-07 5.724243e+04 2.044247e+12 
20 5.600640e-07 6.892308e+04 2.044647e+12 
21 6.750768e-07 8.191354e+04 2.046648e+12 
22 8.130922e-07 1.007173e+05 2.044431e+12 
23 9.787106e-07 1.192737e+05 2.047089e+12 
24 1.177453e-06 1.447136e+05 2.045498e+12 
25 1.415943e-06 1.743322e+05 2.045796e+12 
26 1.702132e-06 2.070761e+05 2.049019e+12 
27 2.045558e-06 2.488261e+05 2.048460e+12 
28 2.457670e-06 3.012180e+05 2.045841e+12 
29 2.952204e-06 3.623834e+05 2.045294e+12 
30 3.545645e-06 4.360775e+05 2.046017e+12 
31 4.257774e-06 5.242392e+05 2.046241e+12 
32 5.112328e-06 6.287764e+05 2.046469e+12 
33 6.137794e-06 7.548035e+05 2.049491e+12 
34 7.368353e-06 8.983266e+05 2.049657e+12 
35 8.845023e-06 1.074457e+06 2.046686e+12 
36 1.061703e-05 1.289190e+06 2.047141e+12 
37 1.274343e-05 1.546425e+06 2.048562e+12 
38 1.529512e-05 1.849715e+06 2.050332e+12 
39 1.829512e-05 2.217718e+06 2.053071e+12 
40 2.129512e-05 2.568168e+06 2.061000e+12 
41 2.429512e-05 2.943918e+06 2.060265e+12 
42 2.729512e-05 3.301950e+06 2.070424e+12 
43 3.029512e-05 3.652320e+06 2.087845e+12 
44 3.329512e-05 4.008184e+06 2.082764e+12 
45 3.629512e-05 4.351670e+06 2.092969e+12 
46 3.929512e-05 4.716292e+06 2.082088e+12 
47 4.229512e-05 5.095315e+06 2.076828e+12 
48 4.529512e-05 5.479172e+06 2.074341e+12 
49 4.829512e-05 5.846555e+06 2.070415e+12 
50 5.129512e-05 6.218149e+06 2.071733e+12 
51 5.429512e-05 6.576043e+06 2.071296e+12 
52 5.729512e-05 6.934122e+06 2.070721e+12 
53 6.029512e-05 7.292399e+06 2.071764e+12 
54 6.329512e-05 7.662684e+06 2.072562e+12 
55 6.629512e-05 8.025184e+06 2.073378e+12 
56 6.929512e-05 8.382557e+06 2.074120e+12 
57 7.229512e-05 8.730275e+06 2.075756e+12 
58 7.529512e-05 9.079265e+06 2.076391e+12 
59 7.829512e-05 9.436285e+06 2.078054e+12 
60 8.129512e-05 9.789369e+06 2.077648e+12 
61 8.429512e-05 1.014783e+07 2.079740e+12 
62 8.729512e-05 1.048882e+07 2.083066e+12 
63 9.029512e-05 1.083708e+07 2.085575e+12 
64 9.329512e-05 1.117807e+07 2.087849e+12 
65 9.629512e-05 1.151884e+07 2.091071e+12 
66 9.929512e-05 1.184505e+07 2.091042e+12 
67 1.022951e-04 1.218366e+07 2.094247e+12 
68 1.052951e-04 1.251229e+07 2.095997e+12 
69 1.082951e-04 1.285581e+07 2.098290e+12 
70 1.112951e-04 1.318419e+07 2.100814e+12 
71 1.142951e-04 1.351584e+07 2.103648e+12 
72 1.172951e-04 1.383493e+07 2.119448e+12 
73 1.202951e-04 1.417032e+07 2.113185e+12 
74 1.232951e-04 1.450832e+07 2.110182e+12 
75 1.262951e-04 1.484715e+07 2.109892e+12 
76 1.292951e-04 1.518344e+07 2.111735e+12 
77 1.322951e-04 1.551519e+07 2.114479e+12 
78 1.352951e-04 1.583654e+07 2.116929e+12 
79 1.382951e-04 1.616981e+07 2.120003e+12 
80 1.412951e-04 1.650015e+07 2.123706e+12 
81 1.442951e-04 1.683843e+07 2.126730e+12 
82 1.472951e-04 1.717203e+07 2.126086e+12 
83 1.502951e-04 1.751519e+07 2.127164e+12 
84 1.532951e-04 1.785929e+07 2.129527e+12 
85 1.562951e-04 1.818805e+07 2.128780e+12 
86 1.592951e-04 1.852053e+07 2.131642e+12 
87 1.622951e-04 1.886096e+07 2.134818e+12 
88 1.652951e-04 1.919007e+07 2.138585e+12 
89 1.682951e-04 1.953067e+07 2.140892e+12 
90 1.712951e-04 1.987169e+07 2.143899e+12 
91 1.742951e-04 2.020237e+07 2.146200e+12 
92 1.772951e-04 2.054544e+07 2.149738e+12 
93 1.802951e-04 2.087319e+07 2.163570e+12 
94 1.832951e-04 2.119756e+07 2.163255e+12 
95 1.862951e-04 2.153350e+07 2.155537e+12 
96 1.892951e-04 2.187121e+07 2.161851e+12 
97 1.922951e-04 2.220418e+07 2.164133e+12 
98 1.952951e-04 2.253596e+07 2.167714e+12 
99 1.982951e-04 2.285139e+07 2.171270e+12 
100 2.012951e-04 2.317067e+07 2.175487e+12 
101 2.042951e-04 2.348678e+07 2.177428e+12 
102 2.072951e-04 2.381135e+07 2.181512e+12 
103 2.102951e-04 2.415336e+07 2.186339e+12 
104 2.132951e-04 2.448785e+07 2.190552e+12 
105 2.162951e-04 2.483743e+07 2.195614e+12 
106 2.192951e-04 2.515941e+07 2.198919e+12 
107 2.222951e-04 2.549329e+07 2.200549e+12 
108 2.252951e-04 2.582588e+07 2.203424e+12 
109 2.282951e-04 2.616345e+07 2.206454e+12 
110 2.312951e-04 2.648067e+07 2.208414e+12 
111 2.342951e-04 2.679433e+07 2.208141e+12 
112 2.372951e-04 2.711623e+07 2.213548e+12 
113 2.402951e-04 2.744708e+07 2.219930e+12 
114 2.432951e-04 2.776759e+07 2.223209e+12 
115 2.462951e-04 2.809243e+07 2.225521e+12 
116 2.492951e-04 2.842092e+07 2.233082e+12 
117 2.522951e-04 2.874231e+07 2.239931e+12 
118 2.552951e-04 2.905696e+07 2.236006e+12 
119 2.582951e-04 2.936001e+07 2.240103e+12 
120 2.612951e-04 2.968122e+07 2.248457e+12 
121 2.642951e-04 3.000163e+07 2.254226e+12 
122 2.672951e-04 3.031722e+07 2.261601e+12 
123 2.702951e-04 3.064314e+07 2.278612e+12 
124 2.732951e-04 3.096159e+07 2.286617e+12 
125 2.762951e-04 3.126683e+07 2.290494e+12 
126 2.792951e-04 3.154521e+07 2.281659e+12 
127 2.822951e-04 3.183276e+07 2.291082e+12 
128 2.852951e-04 3.213899e+07 2.301073e+12 
129 2.882951e-04 3.243128e+07 2.304207e+12 
130 2.912951e-04 3.271664e+07 2.311796e+12 
131 2.942951e-04 3.300554e+07 2.321069e+12 
132 2.972951e-04 3.329139e+07 2.328259e+12 
133 3.002951e-04 3.358431e+07 2.335851e+12 
134 3.032951e-04 3.387184e+07 2.344271e+12 
135 3.062951e-04 3.415380e+07 2.353148e+12 
136 3.092951e-04 3.443737e+07 2.362624e+12 
137 3.122951e-04 3.473576e+07 2.369190e+12 
138 3.152951e-04 3.502235e+07 2.378566e+12 
139 3.182951e-04 3.531221e+07 2.389805e+12 
140 3.212951e-04 3.559848e+07 2.400911e+12 
141 3.242951e-04 3.588122e+07 2.410813e+12 
142 3.272951e-04 3.616159e+07 2.421630e+12 
143 3.302951e-04 3.645108e+07 2.429769e+12 
144 3.332951e-04 3.672619e+07 2.438388e+12 
145 3.362951e-04 3.699832e+07 2.449618e+12 
146 3.392951e-04 3.727653e+07 2.462519e+12 
147 3.422951e-04 3.754644e+07 2.472635e+12 
148 3.452951e-04 3.782015e+07 2.483841e+12 
149 3.482951e-04 3.809311e+07 2.493422e+12 
150 3.512951e-04 3.837591e+07 2.503859e+12 
151 3.542951e-04 3.863684e+07 2.512985e+12 
152 3.572951e-04 3.888638e+07 2.524388e+12 
153 3.602951e-04 3.915053e+07 2.535782e+12 
154 3.632951e-04 3.941528e+07 2.548420e+12 
155 3.662951e-04 3.968129e+07 2.565023e+12 
156 3.692951e-04 3.992565e+07 2.573249e+12 
157 3.722951e-04 4.014618e+07 2.584615e+12 
158 3.752951e-04 4.037164e+07 2.600746e+12 
159 3.782951e-04 4.061036e+07 2.618114e+12 
160 3.812951e-04 4.085589e+07 2.631997e+12 
161 3.842951e-04 4.111837e+07 2.667228e+12 
162 3.872951e-04 4.135658e+07 2.683176e+12 
163 3.902951e-04 4.159475e+07 2.692526e+12 
164 3.932951e-04 4.182493e+07 2.703330e+12 
165 3.962951e-04 4.205811e+07 2.719107e+12 
166 3.992951e-04 4.228922e+07 2.731107e+12 
167 4.022951e-04 4.252979e+07 2.748532e+12 
168 4.052951e-04 4.276793e+07 2.762004e+12 
169 4.082951e-04 4.301104e+07 2.777142e+12 
170 4.112951e-04 4.324768e+07 2.778335e+12 
171 4.142951e-04 4.347517e+07 2.791617e+12 
172 4.172951e-04 4.371813e+07 2.812353e+12 
173 4.202951e-04 4.395097e+07 2.821639e+12 
174 4.232951e-04 4.414416e+07 2.829880e+12 
175 4.262951e-04 4.434717e+07 2.847086e+12 
176 4.292951e-04 4.454544e+07 2.864473e+12 
177 4.322951e-04 4.475530e+07 2.882718e+12 
178 4.352951e-04 4.495696e+07 2.907644e+12 
179 4.382951e-04 4.516742e+07 2.930982e+12 
180 4.412951e-04 4.537148e+07 2.947032e+12 
181 4.442951e-04 4.556568e+07 2.964119e+12 
182 4.472951e-04 4.576693e+07 2.988858e+12 
183 4.502951e-04 4.594709e+07 3.011116e+12 
184 4.532951e-04 4.612304e+07 3.027986e+12 
185 4.562951e-04 4.627789e+07 3.047604e+12 
186 4.592951e-04 4.644017e+07 3.073100e+12 
187 4.622951e-04 4.659571e+07 3.097143e+12 
188 4.652951e-04 4.674235e+07 3.123474e+12 
189 4.682951e-04 4.688007e+07 3.149546e+12 
190 4.712951e-04 4.703876e+07 3.175675e+12 
191 4.742951e-04 4.720404e+07 3.200962e+12 
192 4.772951e-04 4.737328e+07 3.226210e+12 
193 4.802951e-04 4.753518e+07 3.248470e+12 
194 4.832951e-04 4.768810e+07 3.273871e+12 
195 4.862951e-04 4.784445e+07 3.301588e+12 
196 4.892951e-04 4.800962e+07 3.325997e+12 
197 4.922951e-04 4.818093e+07 3.349841e+12 
198 4.952951e-04 4.835117e+07 3.374518e+12 
199 4.982951e-04 4.851155e+07 3.399290e+12 
200 5.012951e-04 4.868336e+07 3.425717e+12 
201 5.042951e-04 4.885334e+07 3.453217e+12 
202 5.072951e-04 4.902142e+07 3.479641e+12 
203 5.102951e-04 4.919991e+07 3.506231e+12 
204 5.132951e-04 4.937533e+07 3.542480e+12 
205 5.162951e-04 4.953916e+07 3.561246e+12 
206 5.192951e-04 4.970400e+07 3.579562e+12 
207 5.222951e-04 4.988195e+07 3.604804e+12 
208 5.252951e-04 5.007879e+07 3.630803e+12 
209 5.282951e-04 5.026546e+07 3.649895e+12 
210 5.312951e-04 5.045275e+07 3.671959e+12 
211 5.342951e-04 5.063272e+07 3.695039e+12 
212 5.372951e-04 5.082118e+07 3.718608e+12 
213 5.402951e-04 5.101263e+07 3.744359e+12 
214 5.432951e-04 5.121923e+07 3.773729e+12 
215 5.462951e-04 5.141484e+07 3.793308e+12 
216 5.492951e-04 5.159771e+07 3.810935e+12 
217 5.522951e-04 5.176543e+07 3.836040e+12 
218 5.552951e-04 5.194371e+07 3.862155e+12 
219 5.582951e-04 5.212522e+07 3.887728e+12 
220 5.612951e-04 5.230408e+07 3.914084e+12 
221 5.642951e-04 5.248448e+07 3.938858e+12 
222 5.672951e-04 5.264888e+07 3.963375e+12 
223 5.702951e-04 5.282376e+07 3.988214e+12 
224 5.732951e-04 5.301166e+07 4.009952e+12 
225 5.762951e-04 5.319918e+07 4.035239e+12 
226 5.792951e-04 5.339104e+07 4.062178e+12 
227 5.822951e-04 5.357486e+07 4.084167e+12 
228 5.852951e-04 5.377005e+07 4.107189e+12 
229 5.882951e-04 5.395433e+07 4.128359e+12 
230 5.912951e-04 5.412037e+07 4.150374e+12 
231 5.942951e-04 5.429631e+07 4.175718e+12 
232 5.972951e-04 5.447183e+07 4.201137e+12 
233 6.002951e-04 5.465145e+07 4.226547e+12 
234 6.032951e-04 5.482786e+07 4.251734e+12 
235 6.062951e-04 5.500654e+07 4.278095e+12 
236 6.092951e-04 5.519209e+07 4.301367e+12 
237 6.122951e-04 5.538570e+07 4.322076e+12 
238 6.152951e-04 5.557707e+07 4.346231e+12 
239 6.182951e-04 5.576489e+07 4.369926e+12 
240 6.212951e-04 5.593552e+07 4.391842e+12 
241 6.242951e-04 5.610981e+07 4.419208e+12 
242 6.272951e-04 5.628458e+07 4.445168e+12 
243 6.302951e-04 5.646605e+07 4.468914e+12 
244 6.332951e-04 5.665084e+07 4.497515e+12 
245 6.362951e-04 5.682681e+07 4.518142e+12 
246 6.392951e-04 5.701982e+07 4.540708e+12 
247 6.422951e-04 5.719616e+07 4.566971e+12 
248 6.452951e-04 5.736590e+07 4.593337e+12 
249 6.482951e-04 5.752178e+07 4.618728e+12 
250 6.512951e-04 5.769251e+07 4.645025e+12 
251 6.542951e-04 5.785140e+07 4.670761e+12 
252 6.572951e-04 5.802093e+07 4.696639e+12 
253 6.602951e-04 5.820059e+07 4.720636e+12 
254 6.632951e-04 5.838771e+07 4.744296e+12 
255 6.662951e-04 5.857016e+07 4.769811e+12 
256 6.692951e-04 5.875156e+07 4.795257e+12 
257 6.722951e-04 5.893122e+07 4.821986e+12 
258 6.752951e-04 5.911597e+07 4.827030e+12 
259 6.782951e-04 5.928704e+07 4.838239e+12 
260 6.812951e-04 5.945147e+07 4.856486e+12 
261 6.842951e-04 5.963116e+07 4.878778e+12 
262 6.872951e-04 5.981843e+07 4.911787e+12 
263 6.902951e-04 5.998844e+07 4.932231e+12 
264 6.932951e-04 6.013951e+07 4.956994e+12 
265 6.962951e-04 6.028479e+07 4.986068e+12 
266 6.992951e-04 6.042007e+07 5.017411e+12 
267 7.022951e-04 6.055454e+07 5.049468e+12 
268 7.052951e-04 6.067774e+07 5.083357e+12 
269 7.082951e-04 6.080110e+07 5.117416e+12 
270 7.112951e-04 6.092115e+07 5.150984e+12 
271 7.142951e-04 6.104592e+07 5.185162e+12 
272 7.172951e-04 6.116630e+07 5.222394e+12 
273 7.202951e-04 6.129907e+07 5.254362e+12 
274 7.232951e-04 6.142330e+07 5.207661e+12 
275 7.262951e-04 6.153494e+07 5.223239e+12 
276 7.292951e-04 6.165186e+07 5.252689e+12 
277 7.322951e-04 6.176739e+07 5.280948e+12 
278 7.352951e-04 6.190892e+07 5.311075e+12 
279 7.382951e-04 6.204161e+07 5.340538e+12 
280 7.412951e-04 6.216332e+07 5.370981e+12 
281 7.442951e-04 6.228576e+07 5.404634e+12 
282 7.472951e-04 6.241567e+07 5.435102e+12 
283 7.502951e-04 6.254965e+07 5.465978e+12 
284 7.532951e-04 6.269045e+07 5.496172e+12 
285 7.562951e-04 6.283210e+07 5.525865e+12 
286 7.592951e-04 6.296572e+07 5.555864e+12 
287 7.622951e-04 6.310458e+07 5.585767e+12 
288 7.652951e-04 6.325543e+07 5.615569e+12 
289 7.682951e-04 6.338964e+07 5.645589e+12 
290 7.712951e-04 6.353758e+07 5.671122e+12 
291 7.742951e-04 6.366577e+07 5.688549e+12 
292 7.772951e-04 6.378520e+07 5.718990e+12 
293 7.802951e-04 6.390891e+07 5.747253e+12 
294 7.832951e-04 6.401544e+07 5.779512e+12 
295 7.862951e-04 6.412840e+07 5.812022e+12 
296 7.892951e-04 6.423409e+07 5.845944e+12 
297 7.922951e-04 6.435057e+07 5.878972e+12 
298 7.952951e-04 6.445837e+07 5.911403e+12 
299 7.982951e-04 6.456207e+07 5.935724e+12 
300 8.012951e-04 6.466976e+07 5.967800e+12 
301 8.042951e-04 6.478062e+07 6.000495e+12 
302 8.072951e-04 6.489408e+07 6.033614e+12 
303 8.102951e-04 6.500517e+07 6.067748e+12 
304 8.132951e-04 6.511787e+07 6.101258e+12 
305 8.162951e-04 6.522921e+07 6.134847e+12 
306 8.192951e-04 6.532296e+07 6.168962e+12 
307 8.222951e-04 6.541055e+07 6.203942e+12 
308 8.252951e-04 6.550138e+07 6.239832e+12 
309 8.282951e-04 6.559917e+07 6.276155e+12 
310 8.312951e-04 6.567769e+07 6.311496e+12 
311 8.342951e-04 6.575837e+07 6.348054e+12 
312 8.372951e-04 6.584958e+07 6.383957e+12 
313 8.402951e-04 6.592321e+07 6.419738e+12 
314 8.432951e-04 6.601009e+07 6.455506e+12 
315 8.462951e-04 6.609614e+07 6.491791e+12 
316 8.492951e-04 6.617691e+07 6.528630e+12 
317 8.522951e-04 6.625009e+07 6.566731e+12 
318 8.552951e-04 6.632509e+07 6.605956e+12 
319 8.582951e-04 6.640006e+07 6.643411e+12 
320 8.612951e-04 6.647313e+07 6.681434e+12 
321 8.642951e-04 6.654265e+07 6.719540e+12 
322 8.672951e-04 6.661545e+07 6.758477e+12 
323 8.702951e-04 6.668415e+07 6.796865e+12 
324 8.732951e-04 6.673606e+07 6.835819e+12 
325 8.762951e-04 6.678436e+07 6.877959e+12 
326 8.792951e-04 6.683363e+07 6.918867e+12 
327 8.822951e-04 6.689141e+07 6.958956e+12 
328 8.852951e-04 6.695516e+07 6.997399e+12 
329 8.882951e-04 6.701893e+07 7.038821e+12 
330 8.912951e-04 6.708917e+07 7.078759e+12 
331 8.942951e-04 6.716135e+07 7.117896e+12 
332 8.972951e-04 6.724504e+07 7.155601e+12 
333 9.002951e-04 6.732704e+07 7.193544e+12 
334 9.032951e-04 6.738779e+07 7.231602e+12 
335 9.062951e-04 6.745517e+07 7.270897e+12 
336 9.092951e-04 6.751028e+07 7.290685e+12 
337 9.122951e-04 6.757474e+07 7.324013e+12 
338 9.152951e-04 6.765280e+07 7.358980e+12 
339 9.182951e-04 6.772617e+07 7.395790e+12 
340 9.212951e-04 6.779733e+07 7.431045e+12 
341 9.242951e-04 6.787917e+07 7.465689e+12 
342 9.272951e-04 6.794984e+07 7.496892e+12 
343 9.302951e-04 6.801089e+07 7.533591e+12 
344 9.332951e-04 6.807903e+07 7.570430e+12 
345 9.362951e-04 6.814294e+07 7.609148e+12 
346 9.392951e-04 6.820033e+07 7.648434e+12 
347 9.422951e-04 6.825151e+07 7.681509e+12 
348 9.452951e-04 6.830046e+07 7.721872e+12 
349 9.482951e-04 6.835745e+07 7.762274e+12 
350 9.512951e-04 6.842265e+07 7.802831e+12 
351 9.542951e-04 6.847963e+07 7.842581e+12 
352 9.572951e-04 6.853016e+07 7.882080e+12 
353 9.602951e-04 6.859891e+07 7.921374e+12 
354 9.632951e-04 6.866673e+07 7.959938e+12 
355 9.662951e-04 6.871811e+07 7.974300e+12 
356 9.692951e-04 6.876890e+07 7.985500e+12 
357 9.722951e-04 6.882099e+07 8.025230e+12 
358 9.752951e-04 6.886987e+07 8.043429e+12 
359 9.782951e-04 6.894196e+07 8.076684e+12 
360 9.812951e-04 6.902286e+07 8.109932e+12 
361 9.842951e-04 6.910450e+07 8.142740e+12 
362 9.872951e-04 6.917877e+07 8.170973e+12 
363 9.902951e-04 6.926799e+07 8.200319e+12 
364 9.932951e-04 6.937084e+07 8.231582e+12 
365 9.962951e-04 6.945902e+07 8.263133e+12 
366 9.992951e-04 6.955355e+07 8.297004e+12 
367 1.002295e-03 6.964048e+07 8.331893e+12 
368 1.005295e-03 6.971538e+07 8.360583e+12 
369 1.008295e-03 6.977630e+07 8.394000e+12 
370 1.011295e-03 6.983935e+07 8.430037e+12 
371 1.014295e-03 6.989819e+07 8.464894e+12 
372 1.017295e-03 6.996794e+07 8.500798e+12 
373 1.020295e-03 7.001333e+07 8.539565e+12 
374 1.023295e-03 7.005217e+07 8.579027e+12 
375 1.026295e-03 7.008936e+07 8.623858e+12 
376 1.029295e-03 7.012460e+07 8.630993e+12 
377 1.032295e-03 7.016616e+07 8.671052e+12 
378 1.035295e-03 7.022271e+07 8.709631e+12 
379 1.038295e-03 7.026744e+07 8.733412e+12 
380 1.041295e-03 7.031501e+07 8.744390e+12 
381 1.044295e-03 7.036833e+07 8.770181e+12 
382 1.047295e-03 7.039815e+07 8.773792e+12 
383 1.050295e-03 7.042853e+07 8.805893e+12 
384 1.053295e-03 7.045783e+07 8.839694e+12 
385 1.056295e-03 7.048239e+07 8.878382e+12 
386 1.059295e-03 7.049821e+07 8.915625e+12 
387 1.062295e-03 7.051391e+07 8.951768e+12 
388 1.065295e-03 7.053059e+07 8.986329e+12 
389 1.068295e-03 7.053145e+07 9.013719e+12 
390 1.071295e-03 7.055867e+07 9.055065e+12 
391 1.074295e-03 7.058409e+07 9.061269e+12 
392 1.077295e-03 7.061344e+07 9.093625e+12 
393 1.080295e-03 7.064416e+07 9.126662e+12 
394 1.083295e-03 7.066334e+07 9.148476e+12 
395 1.086295e-03 7.070356e+07 9.169605e+12 
396 1.089295e-03 7.074325e+07 9.197165e+12 
397 1.092295e-03 7.078047e+07 9.229831e+12 
398 1.095295e-03 7.082150e+07 9.251444e+12 
399 1.098295e-03 7.084362e+07 9.272282e+12 
400 1.101295e-03 7.088356e+07 9.306560e+12 
401 1.104295e-03 7.091409e+07 9.339466e+12 
402 1.107295e-03 7.094122e+07 9.378114e+12 
403 1.110295e-03 7.097745e+07 9.415402e+12 
404 1.113295e-03 7.102186e+07 9.450602e+12 
405 1.116295e-03 7.107925e+07 9.486100e+12 
406 1.119295e-03 7.114744e+07 9.520647e+12 
407 1.122295e-03 7.122370e+07 9.555123e+12 
408 1.125295e-03 7.129578e+07 9.588999e+12 
409 1.128295e-03 7.135588e+07 9.572249e+12 
410 1.131295e-03 7.141929e+07 9.603880e+12 
411 1.134295e-03 7.147600e+07 9.633892e+12 
412 1.137295e-03 7.154112e+07 9.662957e+12 
413 1.140295e-03 7.160960e+07 9.693922e+12 
414 1.143295e-03 7.167603e+07 9.722092e+12 
415 1.146295e-03 7.174204e+07 9.753348e+12 
416 1.149295e-03 7.180649e+07 9.782506e+12 
417 1.152295e-03 7.186499e+07 9.814569e+12 
418 1.155295e-03 7.192027e+07 9.849380e+12 
419 1.158295e-03 7.196113e+07 9.889027e+12 
420 1.161295e-03 7.200308e+07 9.927093e+12 
421 1.164295e-03 7.205797e+07 9.962962e+12 
422 1.167295e-03 7.212227e+07 9.997344e+12 
423 1.170295e-03 7.219167e+07 1.003208e+13 
424 1.173295e-03 7.227174e+07 1.006623e+13 
425 1.176295e-03 7.233935e+07 1.010865e+13 
426 1.179295e-03 7.239431e+07 1.008735e+13 
427 1.182295e-03 7.244868e+07 1.012440e+13 
428 1.185295e-03 7.247054e+07 1.012593e+13 
429 1.188295e-03 7.249884e+07 1.016374e+13 
430 1.191295e-03 7.251896e+07 1.019548e+13 
431 1.194295e-03 7.254828e+07 1.023311e+13 
432 1.197295e-03 7.258990e+07 1.026810e+13 
433 1.200295e-03 7.263344e+07 1.030751e+13 
434 1.203295e-03 7.267935e+07 1.026425e+13 
435 1.206295e-03 7.271176e+07 1.027778e+13 
436 1.209295e-03 7.274447e+07 1.032213e+13 
437 1.212295e-03 7.277891e+07 1.035572e+13 
438 1.215295e-03 7.280082e+07 1.039842e+13 
439 1.218295e-03 7.281742e+07 1.044163e+13 
440 1.221295e-03 7.283378e+07 1.048538e+13 
441 1.224295e-03 7.286247e+07 1.052824e+13 
442 1.227295e-03 7.287853e+07 1.056741e+13 
443 1.230295e-03 7.289100e+07 1.058414e+13 
444 1.233295e-03 7.288551e+07 1.062478e+13 
445 1.236295e-03 7.287363e+07 1.066640e+13 
446 1.239295e-03 7.286098e+07 1.068608e+13 
447 1.242295e-03 7.285610e+07 1.068281e+13 
448 1.245295e-03 7.285084e+07 1.072279e+13 
449 1.248295e-03 7.284070e+07 1.066811e+13 
450 1.251295e-03 7.283078e+07 1.070110e+13 
451 1.254295e-03 7.281627e+07 1.073330e+13 
452 1.257295e-03 7.282127e+07 1.076916e+13 
453 1.260295e-03 7.283762e+07 1.080656e+13 
454 1.263295e-03 7.287489e+07 1.084314e+13 
455 1.266295e-03 7.292366e+07 1.087788e+13 
456 1.269295e-03 7.300300e+07 1.089150e+13 
457 1.272295e-03 7.309580e+07 1.090953e+13 
458 1.275295e-03 7.318807e+07 1.092991e+13 
459 1.278295e-03 7.326537e+07 1.094847e+13 
460 1.281295e-03 7.335832e+07 1.095843e+13 
461 1.284295e-03 7.344595e+07 1.098112e+13 
462 1.287295e-03 7.354534e+07 1.100057e+13 
463 1.290295e-03 7.363540e+07 1.102574e+13 
464 1.293295e-03 7.371742e+07 1.105266e+13 
465 1.296295e-03 7.378318e+07 1.108262e+13 
466 1.299295e-03 7.385465e+07 1.111515e+13 
467 1.302295e-03 7.391697e+07 1.114593e+13 
468 1.305295e-03 7.399193e+07 1.118120e+13 
469 1.308295e-03 7.407344e+07 1.121562e+13 
470 1.311295e-03 7.417031e+07 1.124903e+13 
471 1.314295e-03 7.427235e+07 1.128035e+13 
472 1.317295e-03 7.438498e+07 1.131326e+13 
473 1.320295e-03 7.448997e+07 1.134730e+13 
474 1.323295e-03 7.457941e+07 1.135369e+13 
475 1.326295e-03 7.464929e+07 1.133058e+13 
476 1.329295e-03 7.473404e+07 1.135293e+13 
477 1.332295e-03 7.480944e+07 1.138711e+13 
478 1.335295e-03 7.490146e+07 1.142120e+13 
479 1.338295e-03 7.500776e+07 1.145361e+13 
480 1.341295e-03 7.512498e+07 1.148342e+13 
481 1.344295e-03 7.524859e+07 1.151112e+13 
482 1.347295e-03 7.538415e+07 1.153847e+13 
483 1.350295e-03 7.551131e+07 1.156489e+13 
484 1.353295e-03 7.561478e+07 1.158709e+13 
485 1.356295e-03 7.571908e+07 1.161343e+13 
486 1.359295e-03 7.582081e+07 1.163973e+13 
487 1.362295e-03 7.593297e+07 1.166737e+13 
488 1.365295e-03 7.604102e+07 1.169375e+13 
489 1.368295e-03 7.614408e+07 1.172158e+13 
490 1.371295e-03 7.625902e+07 1.175033e+13 
491 1.374295e-03 7.638272e+07 1.177737e+13 
492 1.377295e-03 7.649745e+07 1.180182e+13 
493 1.380295e-03 7.659748e+07 1.182940e+13 
494 1.383295e-03 7.669824e+07 1.186064e+13 
495 1.386295e-03 7.679856e+07 1.189124e+13 
496 1.389295e-03 7.689533e+07 1.192217e+13 
497 1.392295e-03 7.699069e+07 1.195406e+13 
498 1.395295e-03 7.708890e+07 1.198616e+13 
499 1.398295e-03 7.719434e+07 1.201799e+13 
500 1.401295e-03 7.730402e+07 1.204727e+13 
501 1.404295e-03 7.741193e+07 1.207644e+13 
502 1.407295e-03 7.751876e+07 1.210707e+13 
503 1.410295e-03 7.762694e+07 1.213859e+13 
504 1.413295e-03 7.773308e+07 1.217159e+13 
505 1.416295e-03 7.782536e+07 1.220951e+13 
506 1.419295e-03 7.790844e+07 1.223218e+13 
507 1.422295e-03 7.799654e+07 1.226463e+13 
508 1.425295e-03 7.808410e+07 1.230162e+13 
509 1.428295e-03 7.816061e+07 1.233888e+13 
510 1.431295e-03 7.823279e+07 1.237709e+13 
511 1.434295e-03 7.829501e+07 1.241509e+13 
512 1.437295e-03 7.835178e+07 1.245345e+13 
513 1.440295e-03 7.840467e+07 1.249389e+13 
514 1.443295e-03 7.845738e+07 1.253647e+13 
515 1.446295e-03 7.852187e+07 1.257802e+13 
516 1.449295e-03 7.859316e+07 1.261875e+13 
517 1.452295e-03 7.866877e+07 1.264918e+13 
518 1.455295e-03 7.872572e+07 1.268532e+13 
519 1.458295e-03 7.876817e+07 1.272320e+13 
520 1.461295e-03 7.881195e+07 1.273927e+13 
521 1.464295e-03 7.886815e+07 1.277341e+13 
522 1.467295e-03 7.893268e+07 1.280093e+13 
523 1.470295e-03 7.897327e+07 1.283886e+13 
524 1.473295e-03 7.901145e+07 1.287904e+13 
525 1.476295e-03 7.905964e+07 1.291938e+13 
526 1.479295e-03 7.911714e+07 1.295280e+13 
527 1.482295e-03 7.915374e+07 1.289791e+13 
528 1.485295e-03 7.916442e+07 1.283228e+13 
529 1.488295e-03 7.917438e+07 1.279996e+13 
530 1.491295e-03 7.919617e+07 1.278961e+13 
531 1.494295e-03 7.924910e+07 1.282846e+13 
532 1.497295e-03 7.929126e+07 1.287010e+13 
533 1.500295e-03 7.933244e+07 1.290987e+13 
534 1.503295e-03 7.937140e+07 1.291710e+13 
535 1.506295e-03 7.941024e+07 1.295709e+13 
536 1.509295e-03 7.944959e+07 1.298708e+13 
537 1.512295e-03 7.948970e+07 1.302157e+13 
538 1.515295e-03 7.954191e+07 1.305759e+13 
539 1.518295e-03 7.959331e+07 1.309392e+13 
540 1.521295e-03 7.963682e+07 1.312603e+13 
541 1.524295e-03 7.969750e+07 1.315904e+13 
542 1.527295e-03 7.974150e+07 1.319199e+13 
543 1.530295e-03 7.978657e+07 1.322611e+13 
544 1.533295e-03 7.983290e+07 1.326159e+13 
545 1.536295e-03 7.988049e+07 1.329960e+13 
546 1.539295e-03 7.995167e+07 1.333312e+13 
547 1.542295e-03 8.001892e+07 1.336531e+13 
548 1.545295e-03 8.009127e+07 1.339916e+13 
549 1.548295e-03 8.016130e+07 1.343441e+13 
550 1.551295e-03 8.021752e+07 1.343370e+13 
551 1.554295e-03 8.025797e+07 1.347252e+13 
552 1.557295e-03 8.029970e+07 1.350709e+13 
553 1.560295e-03 8.033702e+07 1.354170e+13 
554 1.563295e-03 8.037281e+07 1.357561e+13 
555 1.566295e-03 8.039737e+07 1.357708e+13 
556 1.569295e-03 8.044159e+07 1.360569e+13 
557 1.572295e-03 8.049194e+07 1.363160e+13 
558 1.575295e-03 8.054900e+07 1.366558e+13 
559 1.578295e-03 8.060412e+07 1.369263e+13 
560 1.581295e-03 8.066914e+07 1.372083e+13 
561 1.584295e-03 8.074062e+07 1.374623e+13 
562 1.587295e-03 8.080315e+07 1.377390e+13 
563 1.590295e-03 8.086306e+07 1.380291e+13 
564 1.593295e-03 8.092706e+07 1.383487e+13 
565 1.596295e-03 8.099012e+07 1.385546e+13 
566 1.599295e-03 8.104122e+07 1.387814e+13 
567 1.602295e-03 8.109877e+07 1.390000e+13 
568 1.605295e-03 8.114336e+07 1.392153e+13 
569 1.608295e-03 8.117797e+07 1.394820e+13 
570 1.611295e-03 8.120358e+07 1.397981e+13 
571 1.614295e-03 8.122603e+07 1.401317e+13 
572 1.617295e-03 8.124191e+07 1.404234e+13 
573 1.620295e-03 8.124536e+07 1.407129e+13 
574 1.623295e-03 8.125402e+07 1.410593e+13 
575 1.626295e-03 8.124843e+07 1.413399e+13 
576 1.629295e-03 8.125290e+07 1.416793e+13 
577 1.632295e-03 8.127045e+07 1.419520e+13 
578 1.635295e-03 8.127865e+07 1.421715e+13 
579 1.638295e-03 8.130073e+07 1.424715e+13 
580 1.641295e-03 8.132181e+07 1.428076e+13 
581 1.644295e-03 8.135472e+07 1.431112e+13 
582 1.647295e-03 8.137869e+07 1.433068e+13 
583 1.650295e-03 8.141230e+07 1.435315e+13 
584 1.653295e-03 8.145567e+07 1.438569e+13 
585 1.656295e-03 8.149678e+07 1.435225e+13 
586 1.659295e-03 8.153238e+07 1.435954e+13 
587 1.662295e-03 8.158697e+07 1.437314e+13 
588 1.665295e-03 8.164878e+07 1.437444e+13 
589 1.668295e-03 8.170601e+07 1.437206e+13 
590 1.671295e-03 8.176005e+07 1.438191e+13 
591 1.674295e-03 8.179200e+07 1.439003e+13 
592 1.677295e-03 8.183032e+07 1.441030e+13 
593 1.680295e-03 8.185804e+07 1.442534e+13 
594 1.683295e-03 8.187828e+07 1.445069e+13 
595 1.686295e-03 8.189238e+07 1.447882e+13 
596 1.689295e-03 8.191471e+07 1.450623e+13 
597 1.692295e-03 8.192307e+07 1.453477e+13 
598 1.695295e-03 8.192806e+07 1.456483e+13 
599 1.698295e-03 8.192810e+07 1.458568e+13 
600 1.701295e-03 8.193377e+07 1.461610e+13 
601 1.704295e-03 8.195146e+07 1.464441e+13 
602 1.707295e-03 8.197697e+07 1.467794e+13 
603 1.710295e-03 8.200091e+07 1.471406e+13 
604 1.713295e-03 8.203414e+07 1.474438e+13 
605 1.716295e-03 8.206514e+07 1.476967e+13 
606 1.719295e-03 8.209604e+07 1.480150e+13 
607 1.722295e-03 8.212858e+07 1.483596e+13 
608 1.725295e-03 8.218101e+07 1.486402e+13 
609 1.728295e-03 8.224004e+07 1.488464e+13 
610 1.731295e-03 8.229286e+07 1.490364e+13 
611 1.734295e-03 8.233706e+07 1.490987e+13 
612 1.737295e-03 8.237657e+07 1.493850e+13 
613 1.740295e-03 8.240633e+07 1.494100e+13 
614 1.743295e-03 8.244075e+07 1.496679e+13 
615 1.746295e-03 8.247437e+07 1.498964e+13 
616 1.749295e-03 8.248388e+07 1.502101e+13 
617 1.752295e-03 8.250621e+07 1.505327e+13 
618 1.755295e-03 8.253426e+07 1.508600e+13 
619 1.758295e-03 8.256785e+07 1.511924e+13 
620 1.761295e-03 8.260883e+07 1.515348e+13 
621 1.764295e-03 8.265645e+07 1.518739e+13 
622 1.767295e-03 8.270596e+07 1.519336e+13 
623 1.770295e-03 8.276287e+07 1.522161e+13 
624 1.773295e-03 8.281179e+07 1.520987e+13 
625 1.776295e-03 8.285709e+07 1.523246e+13 
626 1.779295e-03 8.289915e+07 1.525984e+13 
627 1.782295e-03 8.294525e+07 1.528883e+13 
628 1.785295e-03 8.297107e+07 1.531792e+13 
629 1.788295e-03 8.299999e+07 1.534758e+13 
630 1.791295e-03 8.302859e+07 1.538204e+13 
631 1.794295e-03 8.305315e+07 1.541849e+13 
632 1.797295e-03 8.306902e+07 1.545682e+13 
633 1.800295e-03 8.310617e+07 1.539928e+13 
634 1.803295e-03 8.313924e+07 1.539181e+13 
635 1.806295e-03 8.317425e+07 1.540822e+13 
636 1.809295e-03 8.320639e+07 1.542835e+13 
637 1.812295e-03 8.323903e+07 1.545883e+13 
638 1.815295e-03 8.326984e+07 1.549186e+13 
639 1.818295e-03 8.328336e+07 1.550230e+13 
640 1.821295e-03 8.327842e+07 1.549215e+13 
641 1.824295e-03 8.326348e+07 1.552532e+13 
642 1.827295e-03 8.326294e+07 1.556609e+13 
643 1.830295e-03 8.326944e+07 1.560368e+13 
644 1.833295e-03 8.326255e+07 1.564457e+13 
645 1.836295e-03 8.326398e+07 1.568833e+13 
646 1.839295e-03 8.327489e+07 1.571702e+13 
647 1.842295e-03 8.328408e+07 1.575880e+13 
648 1.845295e-03 8.329578e+07 1.574704e+13 
649 1.848295e-03 8.329514e+07 1.576598e+13 
650 1.851295e-03 8.328040e+07 1.580115e+13 
651 1.854295e-03 8.327145e+07 1.578334e+13 
652 1.857295e-03 8.327037e+07 1.571849e+13 
653 1.860295e-03 8.328774e+07 1.572423e+13 
654 1.863295e-03 8.329927e+07 1.572415e+13 
655 1.866295e-03 8.329792e+07 1.572731e+13 
656 1.869295e-03 8.329500e+07 1.573134e+13 
657 1.872295e-03 8.328985e+07 1.575937e+13 
658 1.875295e-03 8.327789e+07 1.579326e+13 
659 1.878295e-03 8.328015e+07 1.576019e+13 
660 1.881295e-03 8.328200e+07 1.577890e+13 
661 1.884295e-03 8.328292e+07 1.576344e+13 
662 1.887295e-03 8.326925e+07 1.578246e+13 
663 1.890295e-03 8.325321e+07 1.576839e+13 
664 1.893295e-03 8.325465e+07 1.577506e+13 
665 1.896295e-03 8.324303e+07 1.576065e+13 
666 1.899295e-03 8.323678e+07 1.576477e+13 
667 1.902295e-03 8.323940e+07 1.577010e+13 
668 1.905295e-03 8.323666e+07 1.574448e+13 
669 1.908295e-03 8.323135e+07 1.574539e+13 
670 1.911295e-03 8.319594e+07 1.574064e+13 
671 1.914295e-03 8.318586e+07 1.576527e+13 
672 1.917295e-03 8.319659e+07 1.578844e+13 
673 1.920295e-03 8.318532e+07 1.578607e+13 
674 1.923295e-03 8.317015e+07 1.580071e+13 
675 1.926295e-03 8.314176e+07 1.582889e+13 
676 1.929295e-03 8.309335e+07 1.581621e+13 
677 1.932295e-03 8.303508e+07 1.584738e+13 
678 1.935295e-03 8.297791e+07 1.588485e+13 
679 1.938295e-03 8.291204e+07 1.590736e+13 
680 1.941295e-03 8.284809e+07 1.594382e+13 
681 1.944295e-03 8.277183e+07 1.595355e+13 
682 1.947295e-03 8.268708e+07 1.588166e+13 
683 1.950295e-03 8.259766e+07 1.590343e+13 
684 1.953295e-03 8.248090e+07 1.587887e+13 
685 1.956295e-03 8.238971e+07 1.588334e+13 
686 1.959295e-03 8.229217e+07 1.591883e+13 
687 1.962295e-03 8.219758e+07 1.596017e+13 
688 1.965295e-03 8.211954e+07 1.600429e+13 
689 1.968295e-03 8.204733e+07 1.605312e+13 
690 1.971295e-03 8.195819e+07 1.610562e+13 
691 1.974295e-03 8.187317e+07 1.613182e+13 
692 1.977295e-03 8.180285e+07 1.614741e+13 
693 1.980295e-03 8.174519e+07 1.613772e+13 
694 1.983295e-03 8.169564e+07 1.615177e+13 
695 1.986295e-03 8.165348e+07 1.617124e+13 
696 1.989295e-03 8.160180e+07 1.620349e+13 
697 1.992295e-03 8.154583e+07 1.624690e+13 
698 1.995295e-03 8.149862e+07 1.628099e+13 
699 1.998295e-03 8.145495e+07 1.631067e+13 
700 2.001295e-03 8.140484e+07 1.635104e+13 
701 2.004295e-03 8.134186e+07 1.637506e+13 
702 2.007295e-03 8.128494e+07 1.641627e+13 
703 2.010295e-03 8.125744e+07 1.645305e+13 
704 2.013295e-03 8.121493e+07 1.649721e+13 
705 2.016295e-03 8.116665e+07 1.649040e+13 
706 2.019295e-03 8.114028e+07 1.652454e+13 
707 2.022295e-03 8.111926e+07 1.656604e+13 
708 2.025295e-03 8.107403e+07 1.659573e+13 
709 2.028295e-03 8.102364e+07 1.663929e+13 
710 2.031295e-03 8.099499e+07 1.667826e+13 
711 2.034295e-03 8.098170e+07 1.671463e+13 
712 2.037295e-03 8.096469e+07 1.672866e+13 
713 2.040295e-03 8.094113e+07 1.663513e+13 
714 2.043295e-03 8.093720e+07 1.664871e+13 
715 2.046295e-03 8.095629e+07 1.664628e+13 
716 2.049295e-03 8.098236e+07 1.667481e+13 
717 2.052295e-03 8.101932e+07 1.670318e+13 
718 2.055295e-03 8.105080e+07 1.673469e+13 
719 2.058295e-03 8.108690e+07 1.676347e+13 
720 2.061295e-03 8.112932e+07 1.679398e+13 
721 2.064295e-03 8.117967e+07 1.682740e+13 
722 2.067295e-03 8.121416e+07 1.685576e+13 
723 2.070295e-03 8.124728e+07 1.688985e+13 
724 2.073295e-03 8.129885e+07 1.691901e+13 
725 2.076295e-03 8.134532e+07 1.690809e+13 
726 2.079295e-03 8.140392e+07 1.693359e+13 
727 2.082295e-03 8.145153e+07 1.695406e+13 
728 2.085295e-03 8.149511e+07 1.698681e+13 
729 2.088295e-03 8.153497e+07 1.701980e+13 
730 2.091295e-03 8.157901e+07 1.705279e+13 
731 2.094295e-03 8.163039e+07 1.708324e+13 
732 2.097295e-03 8.167348e+07 1.711324e+13 
733 2.100295e-03 8.172391e+07 1.714260e+13 
734 2.103295e-03 8.177712e+07 1.710941e+13 
735 2.106295e-03 8.181987e+07 1.713402e+13 
736 2.109295e-03 8.187163e+07 1.716358e+13 
737 2.112295e-03 8.193884e+07 1.719384e+13 
738 2.115295e-03 8.201906e+07 1.722366e+13 
739 2.118295e-03 8.208909e+07 1.724997e+13 
740 2.121295e-03 8.215199e+07 1.727997e+13 
741 2.124295e-03 8.221474e+07 1.731142e+13 
742 2.127295e-03 8.228625e+07 1.734084e+13 
743 2.130295e-03 8.237708e+07 1.737280e+13 
744 2.133295e-03 8.245405e+07 1.737019e+13 
745 2.136295e-03 8.253072e+07 1.738281e+13 
746 2.139295e-03 8.257966e+07 1.741344e+13 
747 2.142295e-03 8.261852e+07 1.745186e+13 
748 2.145295e-03 8.264901e+07 1.749041e+13 
749 2.148295e-03 8.269415e+07 1.751613e+13 
750 2.151295e-03 8.275835e+07 1.753799e+13 
751 2.154295e-03 8.282060e+07 1.756974e+13 
752 2.157295e-03 8.288940e+07 1.750778e+13 
753 2.160295e-03 8.293822e+07 1.751758e+13 
754 2.163295e-03 8.299188e+07 1.753557e+13 
755 2.166295e-03 8.305710e+07 1.755889e+13 
756 2.169295e-03 8.311657e+07 1.751639e+13 
757 2.172295e-03 8.316018e+07 1.753810e+13 
758 2.175295e-03 8.317017e+07 1.754865e+13 
759 2.178295e-03 8.320788e+07 1.757003e+13 
760 2.181295e-03 8.324305e+07 1.755708e+13 
761 2.184295e-03 8.331629e+07 1.757910e+13 
762 2.187295e-03 8.338188e+07 1.759944e+13 
763 2.190295e-03 8.344671e+07 1.761910e+13 
764 2.193295e-03 8.350583e+07 1.763225e+13 
765 2.196295e-03 8.358466e+07 1.764436e+13 
766 2.199295e-03 8.365919e+07 1.766380e+13 
767 2.202295e-03 8.373783e+07 1.767695e+13 
768 2.205295e-03 8.382783e+07 1.766933e+13 
769 2.208295e-03 8.391320e+07 1.768338e+13 
770 2.211295e-03 8.397457e+07 1.770300e+13 
771 2.214295e-03 8.403498e+07 1.772430e+13 
772 2.217295e-03 8.409982e+07 1.774259e+13 
773 2.220295e-03 8.416690e+07 1.776794e+13 
774 2.223295e-03 8.422148e+07 1.773916e+13 
775 2.226295e-03 8.426819e+07 1.776004e+13 
776 2.229295e-03 8.432311e+07 1.778294e+13 
777 2.232295e-03 8.436954e+07 1.780466e+13 
778 2.235295e-03 8.440569e+07 1.782706e+13 
779 2.238295e-03 8.444196e+07 1.783625e+13 
780 2.241295e-03 8.446792e+07 1.785220e+13 
781 2.244295e-03 8.449003e+07 1.787611e+13 
782 2.247295e-03 8.451569e+07 1.790146e+13 
783 2.250295e-03 8.454859e+07 1.790976e+13 
784 2.253295e-03 8.458407e+07 1.792100e+13 
785 2.256295e-03 8.463330e+07 1.794001e+13 
786 2.259295e-03 8.466528e+07 1.796301e+13 
787 2.262295e-03 8.467720e+07 1.799428e+13 
788 2.265295e-03 8.469694e+07 1.796229e+13 
789 2.268295e-03 8.471666e+07 1.791819e+13 
790 2.271295e-03 8.473155e+07 1.788574e+13 
791 2.274295e-03 8.474597e+07 1.790777e+13 
792 2.277295e-03 8.475514e+07 1.791730e+13 
793 2.280295e-03 8.477423e+07 1.793768e+13 
794 2.283295e-03 8.480498e+07 1.796012e+13 
795 2.286295e-03 8.483684e+07 1.796740e+13 
796 2.289295e-03 8.488213e+07 1.799391e+13 
797 2.292295e-03 8.493355e+07 1.800167e+13 
798 2.295295e-03 8.497976e+07 1.802585e+13 
799 2.298295e-03 8.504091e+07 1.803487e+13 
800 2.301295e-03 8.510603e+07 1.805488e+13 
801 2.304295e-03 8.517679e+07 1.807714e+13 
802 2.307295e-03 8.524399e+07 1.810019e+13 
803 2.310295e-03 8.530889e+07 1.811182e+13 
804 2.313295e-03 8.536251e+07 1.812576e+13 
805 2.316295e-03 8.543256e+07 1.814162e+13 
806 2.319295e-03 8.550928e+07 1.816510e+13 
807 2.322295e-03 8.559046e+07 1.819096e+13 
808 2.325295e-03 8.563898e+07 1.817285e+13 
809 2.328295e-03 8.568982e+07 1.816814e+13 
810 2.331295e-03 8.573927e+07 1.818416e+13 
811 2.334295e-03 8.579854e+07 1.819437e+13 
812 2.337295e-03 8.583147e+07 1.821817e+13 
813 2.340295e-03 8.585375e+07 1.824807e+13 
814 2.343295e-03 8.585073e+07 1.827592e+13 
815 2.346295e-03 8.583794e+07 1.830751e+13 
816 2.349295e-03 8.584652e+07 1.833490e+13 
817 2.352295e-03 8.584871e+07 1.836464e+13 
818 2.355295e-03 8.586665e+07 1.839737e+13 
819 2.358295e-03 8.587740e+07 1.843247e+13 
820 2.361295e-03 8.589873e+07 1.847003e+13 
821 2.364295e-03 8.591034e+07 1.849088e+13 
822 2.367295e-03 8.592319e+07 1.852407e+13 
823 2.370295e-03 8.593399e+07 1.856313e+13 
824 2.373295e-03 8.594827e+07 1.860318e+13 
825 2.376295e-03 8.596587e+07 1.864313e+13 
826 2.379295e-03 8.597044e+07 1.868861e+13 
827 2.382295e-03 8.598026e+07 1.871644e+13 
828 2.385295e-03 8.596509e+07 1.877229e+13 
829 2.388295e-03 8.593233e+07 1.879902e+13 
830 2.391295e-03 8.589259e+07 1.881142e+13 
831 2.394295e-03 8.584231e+07 1.880541e+13 
832 2.397295e-03 8.581047e+07 1.884417e+13 
833 2.400295e-03 8.576632e+07 1.888101e+13 
834 2.403295e-03 8.573954e+07 1.885101e+13 
835 2.406295e-03 8.571415e+07 1.887645e+13 
836 2.409295e-03 8.569968e+07 1.890091e+13 
837 2.412295e-03 8.568386e+07 1.892871e+13 
838 2.415295e-03 8.565512e+07 1.896600e+13 
839 2.418295e-03 8.560104e+07 1.898617e+13 
840 2.421295e-03 8.558879e+07 1.899622e+13 
841 2.424295e-03 8.556692e+07 1.902567e+13 
842 2.427295e-03 8.554281e+07 1.899359e+13 
843 2.430295e-03 8.552464e+07 1.903459e+13 
844 2.433295e-03 8.548102e+07 1.906597e+13 
845 2.436295e-03 8.542120e+07 1.909627e+13 
846 2.439295e-03 8.537337e+07 1.913521e+13 
847 2.442295e-03 8.530811e+07 1.914622e+13 
848 2.445295e-03 8.525334e+07 1.906195e+13 
849 2.448295e-03 8.519810e+07 1.908401e+13 
850 2.451295e-03 8.513197e+07 1.911776e+13 
851 2.454295e-03 8.506742e+07 1.915251e+13 
852 2.457295e-03 8.498589e+07 1.918346e+13 
853 2.460295e-03 8.488906e+07 1.921131e+13 
854 2.463295e-03 8.479083e+07 1.924533e+13 
855 2.466295e-03 8.469223e+07 1.928288e+13 
856 2.469295e-03 8.457966e+07 1.932121e+13 
857 2.472295e-03 8.448354e+07 1.936390e+13 
858 2.475295e-03 8.438376e+07 1.940654e+13 
859 2.478295e-03 8.429206e+07 1.942898e+13 
860 2.481295e-03 8.419235e+07 1.946312e+13 
861 2.484295e-03 8.409643e+07 1.944007e+13 
862 2.487295e-03 8.400138e+07 1.943757e+13 
863 2.490295e-03 8.391750e+07 1.940674e+13 
864 2.493295e-03 8.383894e+07 1.943022e+13 
865 2.496295e-03 8.375442e+07 1.945877e+13 
866 2.499295e-03 8.366722e+07 1.949367e+13 
867 2.502295e-03 8.358699e+07 1.947732e+13 
868 2.505295e-03 8.351789e+07 1.943595e+13 
869 2.508295e-03 8.344196e+07 1.944925e+13 
870 2.511295e-03 8.336466e+07 1.946056e+13 
871 2.514295e-03 8.327301e+07 1.940881e+13 
872 2.517295e-03 8.317539e+07 1.943731e+13 
873 2.520295e-03 8.309370e+07 1.946884e+13 
874 2.523295e-03 8.302774e+07 1.950010e+13 
875 2.526295e-03 8.297139e+07 1.953142e+13 
876 2.529295e-03 8.291097e+07 1.953738e+13 
877 2.532295e-03 8.283643e+07 1.953311e+13 
878 2.535295e-03 8.276297e+07 1.950094e+13 
879 2.538295e-03 8.268350e+07 1.953300e+13 
880 2.541295e-03 8.260650e+07 1.949091e+13 
881 2.544295e-03 8.252451e+07 1.947337e+13 
882 2.547295e-03 8.242355e+07 1.944333e+13 
883 2.550295e-03 8.233277e+07 1.947737e+13 
884 2.553295e-03 8.223574e+07 1.950933e+13 
885 2.556295e-03 8.215585e+07 1.954009e+13 
886 2.559295e-03 8.209544e+07 1.951209e+13 
887 2.562295e-03 8.201160e+07 1.952534e+13 
888 2.565295e-03 8.194615e+07 1.954918e+13 
889 2.568295e-03 8.187549e+07 1.957359e+13 
890 2.571295e-03 8.180452e+07 1.953026e+13 
891 2.574295e-03 8.174517e+07 1.955708e+13 
892 2.577295e-03 8.169599e+07 1.956838e+13 
893 2.580295e-03 8.168694e+07 1.958163e+13 
894 2.583295e-03 8.168756e+07 1.960193e+13 
895 2.586295e-03 8.167980e+07 1.962409e+13 
896 2.589295e-03 8.168258e+07 1.964525e+13 
897 2.592295e-03 8.167853e+07 1.966899e+13 
898 2.595295e-03 8.165956e+07 1.969158e+13 
899 2.598295e-03 8.163189e+07 1.963638e+13 
900 2.601295e-03 8.160384e+07 1.964858e+13 
901 2.604295e-03 8.156746e+07 1.963851e+13 
902 2.607295e-03 8.151105e+07 1.965409e+13 
903 2.610295e-03 8.144890e+07 1.960902e+13 
904 2.613295e-03 8.137782e+07 1.960922e+13 
905 2.616295e-03 8.132737e+07 1.959347e+13 
906 2.619295e-03 8.129767e+07 1.959250e+13 
907 2.622295e-03 8.128856e+07 1.959567e+13 
908 2.625295e-03 8.129958e+07 1.960473e+13 
909 2.628295e-03 8.131260e+07 1.960343e+13 
910 2.631295e-03 8.133602e+07 1.957598e+13 
911 2.634295e-03 8.136407e+07 1.959309e+13 
912 2.637295e-03 8.138443e+07 1.959042e+13 
913 2.640295e-03 8.138146e+07 1.960566e+13 
914 2.643295e-03 8.138206e+07 1.957763e+13 
915 2.646295e-03 8.137782e+07 1.953122e+13 
916 2.649295e-03 8.135473e+07 1.955547e+13 
917 2.652295e-03 8.132967e+07 1.957407e+13 
918 2.655295e-03 8.130739e+07 1.958743e+13 
919 2.658295e-03 8.130111e+07 1.961240e+13 
920 2.661295e-03 8.130044e+07 1.965273e+13 
921 2.664295e-03 8.131111e+07 1.966791e+13 
922 2.667295e-03 8.132634e+07 1.970086e+13 
923 2.670295e-03 8.136564e+07 1.972952e+13 
924 2.673295e-03 8.140779e+07 1.975560e+13 
925 2.676295e-03 8.144511e+07 1.978266e+13 
926 2.679295e-03 8.146872e+07 1.980647e+13 
927 2.682295e-03 8.149669e+07 1.983494e+13 
928 2.685295e-03 8.152335e+07 1.986938e+13 
929 2.688295e-03 8.155327e+07 1.985779e+13 
930 2.691295e-03 8.158440e+07 1.988666e+13 
931 2.694295e-03 8.161530e+07 1.990669e+13 
932 2.697295e-03 8.164858e+07 1.993209e+13 
933 2.700295e-03 8.168331e+07 1.996274e+13 
934 2.703295e-03 8.172343e+07 1.996592e+13 
935 2.706295e-03 8.177510e+07 1.998898e+13 
936 2.709295e-03 8.182095e+07 1.999563e+13 
937 2.712295e-03 8.187807e+07 1.996761e+13 
938 2.715295e-03 8.191223e+07 1.998863e+13 
939 2.718295e-03 8.193899e+07 2.000170e+13 
940 2.721295e-03 8.197110e+07 2.000492e+13 
941 2.724295e-03 8.200873e+07 2.002059e+13 
942 2.727295e-03 8.204856e+07 2.003219e+13 
943 2.730295e-03 8.208362e+07 2.004464e+13 
944 2.733295e-03 8.209945e+07 2.001115e+13 
945 2.736295e-03 8.210022e+07 1.994582e+13 
946 2.739295e-03 8.211050e+07 1.995816e+13 
947 2.742295e-03 8.211375e+07 1.996576e+13 
948 2.745295e-03 8.212171e+07 1.997519e+13 
949 2.748295e-03 8.211944e+07 2.000203e+13 
950 2.751295e-03 8.210703e+07 2.001252e+13 
951 2.754295e-03 8.209441e+07 1.997921e+13 
952 2.757295e-03 8.207636e+07 1.998928e+13 
953 2.760295e-03 8.205853e+07 1.997814e+13 
954 2.763295e-03 8.206088e+07 1.999132e+13 
955 2.766295e-03 8.207100e+07 1.996914e+13 
956 2.769295e-03 8.208587e+07 1.999390e+13 
957 2.772295e-03 8.211635e+07 2.000194e+13 
958 2.775295e-03 8.212610e+07 2.001212e+13 
959 2.778295e-03 8.214100e+07 1.999895e+13 
960 2.781295e-03 8.215610e+07 1.999910e+13 
961 2.784295e-03 8.217792e+07 2.001449e+13 
962 2.787295e-03 8.220494e+07 1.992488e+13 
963 2.790295e-03 8.223497e+07 1.991117e+13 
964 2.793295e-03 8.226066e+07 1.987732e+13 
965 2.796295e-03 8.229560e+07 1.987682e+13 
966 2.799295e-03 8.236163e+07 1.988625e+13 
967 2.802295e-03 8.242882e+07 1.988407e+13 
968 2.805295e-03 8.250429e+07 1.986931e+13 
969 2.808295e-03 8.260249e+07 1.987015e+13 
970 2.811295e-03 8.268370e+07 1.987501e+13 
971 2.814295e-03 8.274357e+07 1.988370e+13 
972 2.817295e-03 8.278437e+07 1.988243e+13 
973 2.820295e-03 8.279830e+07 1.987973e+13 
974 2.823295e-03 8.283193e+07 1.984891e+13 
975 2.826295e-03 8.287742e+07 1.980096e+13 
976 2.829295e-03 8.291202e+07 1.979106e+13 
977 2.832295e-03 8.294514e+07 1.979332e+13 
978 2.835295e-03 8.296563e+07 1.979462e+13 
979 2.838295e-03 8.297651e+07 1.977110e+13 
980 2.841295e-03 8.299324e+07 1.978069e+13 
981 2.844295e-03 8.300905e+07 1.979901e+13 
982 2.847295e-03 8.301834e+07 1.979162e+13 
983 2.850295e-03 8.303191e+07 1.981772e+13 
984 2.853295e-03 8.304273e+07 1.984934e+13 
985 2.856295e-03 8.303755e+07 1.980776e+13 
986 2.859295e-03 8.305837e+07 1.981913e+13 
987 2.862295e-03 8.308347e+07 1.983477e+13 
988 2.865295e-03 8.310498e+07 1.985767e+13 
989 2.868295e-03 8.313562e+07 1.985827e+13 
990 2.871295e-03 8.318065e+07 1.983039e+13 
991 2.874295e-03 8.323075e+07 1.983544e+13 
992 2.877295e-03 8.328047e+07 1.980763e+13 
993 2.880295e-03 8.331514e+07 1.979284e+13 
994 2.883295e-03 8.336149e+07 1.970152e+13 
995 2.886295e-03 8.341940e+07 1.967480e+13 
996 2.889295e-03 8.348351e+07 1.965081e+13 
997 2.892295e-03 8.354413e+07 1.965882e+13 
998 2.895295e-03 8.357841e+07 1.967164e+13 
999 2.898295e-03 8.362721e+07 1.968550e+13 
1000 2.901295e-03 8.366869e+07 1.970344e+13 
1001 2.904295e-03 8.371433e+07 1.970197e+13 
1002 2.907295e-03 8.376062e+07 1.972614e+13 
1003 2.910295e-03 8.381890e+07 1.974372e+13 
1004 2.913295e-03 8.388543e+07 1.977013e+13 
1005 2.916295e-03 8.395766e+07 1.978867e+13 
1006 2.919295e-03 8.402534e+07 1.980073e+13 
1007 2.922295e-03 8.407073e+07 1.981562e+13 
1008 2.925295e-03 8.414138e+07 1.983630e+13 
1009 2.928295e-03 8.420293e+07 1.984946e+13 
1010 2.931295e-03 8.427955e+07 1.986825e+13 
1011 2.934295e-03 8.433253e+07 1.986738e+13 
1012 2.937295e-03 8.436949e+07 1.986798e+13 
1013 2.940295e-03 8.438857e+07 1.988978e+13 
1014 2.943295e-03 8.441166e+07 1.986185e+13 
1015 2.946295e-03 8.441587e+07 1.987886e+13 
1016 2.949295e-03 8.440808e+07 1.990093e+13 
1017 2.952295e-03 8.440841e+07 1.990458e+13 
1018 2.955295e-03 8.442359e+07 1.990815e+13 
1019 2.958295e-03 8.443087e+07 1.985116e+13 
1020 2.961295e-03 8.443347e+07 1.981258e+13 
1021 2.964295e-03 8.443724e+07 1.984038e+13 
1022 2.967295e-03 8.443045e+07 1.986710e+13 
1023 2.970295e-03 8.440202e+07 1.990791e+13 
1024 2.973295e-03 8.438545e+07 1.992790e+13 
1025 2.976295e-03 8.437893e+07 1.994608e+13 
1026 2.979295e-03 8.438908e+07 1.993277e+13 
1027 2.982295e-03 8.439990e+07 1.995280e+13 
1028 2.985295e-03 8.441736e+07 1.996029e+13 
1029 2.988295e-03 8.443647e+07 1.998102e+13 
1030 2.991295e-03 8.446291e+07 1.996957e+13 
1031 2.994295e-03 8.448431e+07 1.999041e+13 
1032 2.997295e-03 8.450908e+07 2.001480e+13 
1033 3.000295e-03 8.454749e+07 2.003879e+13 
1034 3.003295e-03 8.460283e+07 2.006206e+13 
1035 3.006295e-03 8.466349e+07 2.007476e+13 
1036 3.009295e-03 8.471242e+07 2.009648e+13 
1037 3.012295e-03 8.476287e+07 2.012057e+13 
1038 3.015295e-03 8.480784e+07 2.012772e+13 
1039 3.018295e-03 8.484393e+07 2.014606e+13 
1040 3.021295e-03 8.488314e+07 2.017290e+13 
1041 3.024295e-03 8.493574e+07 2.017211e+13 
1042 3.027295e-03 8.499406e+07 2.018212e+13 
1043 3.030295e-03 8.504899e+07 2.019554e+13 
1044 3.033295e-03 8.511720e+07 2.019655e+13 
1045 3.036295e-03 8.517766e+07 2.021564e+13 
1046 3.039295e-03 8.523514e+07 2.023512e+13 
1047 3.042295e-03 8.529290e+07 2.025760e+13 
1048 3.045295e-03 8.534711e+07 2.028391e+13 
1049 3.048295e-03 8.540250e+07 2.029650e+13 
1050 3.051295e-03 8.544649e+07 2.026420e+13 
1051 3.054295e-03 8.550661e+07 2.028766e+13 
1052 3.057295e-03 8.556445e+07 2.031861e+13 
1053 3.060295e-03 8.563174e+07 2.034737e+13 
1054 3.063295e-03 8.568416e+07 2.035370e+13 
1055 3.066295e-03 8.574149e+07 2.036106e+13 
1056 3.069295e-03 8.579857e+07 2.038280e+13 
1057 3.072295e-03 8.586687e+07 2.037865e+13 
1058 3.075295e-03 8.594896e+07 2.039090e+13 
1059 3.078295e-03 8.603953e+07 2.040689e+13 
1060 3.081295e-03 8.611836e+07 2.039589e+13 
1061 3.084295e-03 8.619140e+07 2.043188e+13 
1062 3.087295e-03 8.625738e+07 2.041936e+13 
1063 3.090295e-03 8.629876e+07 2.040701e+13 
1064 3.093295e-03 8.633809e+07 2.043469e+13 
1065 3.096295e-03 8.637977e+07 2.041817e+13 
1066 3.099295e-03 8.641554e+07 2.043666e+13 
1067 3.102295e-03 8.646203e+07 2.045763e+13 
1068 3.105295e-03 8.651062e+07 2.043077e+13 
1069 3.108295e-03 8.658450e+07 2.044946e+13 
1070 3.111295e-03 8.665062e+07 2.046976e+13 
1071 3.114295e-03 8.670674e+07 2.046392e+13 
1072 3.117295e-03 8.675181e+07 2.048186e+13 
1073 3.120295e-03 8.681830e+07 2.053064e+13 
1074 3.123295e-03 8.688434e+07 2.051492e+13 
1075 3.126295e-03 8.696173e+07 2.060354e+13 
1076 3.129295e-03 8.704025e+07 2.052116e+13 
1077 3.132295e-03 8.710731e+07 2.052180e+13 
1078 3.135295e-03 8.717561e+07 2.054553e+13 
1079 3.138295e-03 8.724191e+07 2.055743e+13 
1080 3.141295e-03 8.730545e+07 2.054841e+13 
1081 3.144295e-03 8.737232e+07 2.057768e+13 
1082 3.147295e-03 8.746329e+07 2.060121e+13 
1083 3.150295e-03 8.754163e+07 2.062047e+13 
1084 3.153295e-03 8.762050e+07 2.064138e+13 
1085 3.156295e-03 8.771123e+07 2.066359e+13 
1086 3.159295e-03 8.779744e+07 2.068274e+13 
1087 3.162295e-03 8.787842e+07 2.071296e+13 
1088 3.165295e-03 8.798198e+07 2.073173e+13 
1089 3.168295e-03 8.806260e+07 2.072088e+13 
1090 3.171295e-03 8.812774e+07 2.070839e+13 
1091 3.174295e-03 8.819129e+07 2.072626e+13 
1092 3.177295e-03 8.824982e+07 2.071177e+13 
1093 3.180295e-03 8.830995e+07 2.072235e+13 
1094 3.183295e-03 8.836801e+07 2.073719e+13 
1095 3.186295e-03 8.839399e+07 2.074403e+13 
1096 3.189295e-03 8.842017e+07 2.076201e+13 
1097 3.192295e-03 8.845918e+07 2.079583e+13 
1098 3.195295e-03 8.850347e+07 2.076400e+13 
1099 3.198295e-03 8.856302e+07 2.073800e+13 
1100 3.201295e-03 8.862483e+07 2.075302e+13 
1101 3.204295e-03 8.869129e+07 2.076902e+13 
1102 3.207295e-03 8.875982e+07 2.071396e+13 
1103 3.210295e-03 8.880896e+07 2.073584e+13 
1104 3.213295e-03 8.884094e+07 2.075701e+13 
1105 3.216295e-03 8.887276e+07 2.077649e+13 
1106 3.219295e-03 8.890573e+07 2.080177e+13 
1107 3.222295e-03 8.893707e+07 2.082488e+13 
1108 3.225295e-03 8.895219e+07 2.084963e+13 
1109 3.228295e-03 8.896529e+07 2.084704e+13 
1110 3.231295e-03 8.895418e+07 2.087773e+13 
1111 3.234295e-03 8.897159e+07 2.088857e+13 
1112 3.237295e-03 8.900790e+07 2.090034e+13 
1113 3.240295e-03 8.903106e+07 2.092227e+13 
1114 3.243295e-03 8.903140e+07 2.094187e+13 
1115 3.246295e-03 8.904777e+07 2.096521e+13 
1116 3.249295e-03 8.906789e+07 2.098877e+13 
1117 3.252295e-03 8.908330e+07 2.098169e+13 
1118 3.255295e-03 8.908752e+07 2.097844e+13 
1119 3.258295e-03 8.908696e+07 2.098736e+13 
1120 3.261295e-03 8.910667e+07 2.100720e+13 
1121 3.264295e-03 8.914811e+07 2.102747e+13 
1122 3.267295e-03 8.919441e+07 2.104452e+13 
1123 3.270295e-03 8.923579e+07 2.107037e+13 
1124 3.273295e-03 8.928425e+07 2.107444e+13 
1125 3.276295e-03 8.933693e+07 2.109372e+13 
1126 3.279295e-03 8.939407e+07 2.110782e+13 
1127 3.282295e-03 8.944614e+07 2.113315e+13 
1128 3.285295e-03 8.950427e+07 2.112412e+13 
1129 3.288295e-03 8.957608e+07 2.110566e+13 
1130 3.291295e-03 8.964691e+07 2.110756e+13 
1131 3.294295e-03 8.970607e+07 2.111699e+13 
1132 3.297295e-03 8.974912e+07 2.110787e+13 
1133 3.300295e-03 8.977314e+07 2.106198e+13 
1134 3.303295e-03 8.979507e+07 2.101515e+13 
1135 3.306295e-03 8.980266e+07 2.102809e+13 
1136 3.309295e-03 8.981256e+07 2.104736e+13 
1137 3.312295e-03 8.980920e+07 2.109750e+13 
1138 3.315295e-03 8.982022e+07 2.106235e+13 
1139 3.318295e-03 8.982051e+07 2.108025e+13 
1140 3.321295e-03 8.981740e+07 2.111425e+13 
1141 3.324295e-03 8.979016e+07 2.113707e+13 
1142 3.327295e-03 8.975863e+07 2.105791e+13 
1143 3.330295e-03 8.971563e+07 2.108187e+13 
1144 3.333295e-03 8.970079e+07 2.111867e+13 
1145 3.336295e-03 8.967404e+07 2.113585e+13 
1146 3.339295e-03 8.965244e+07 2.111717e+13 
1147 3.342295e-03 8.963675e+07 2.110090e+13 
1148 3.345295e-03 8.961459e+07 2.112717e+13 
1149 3.348295e-03 8.959569e+07 2.115887e+13 
1150 3.351295e-03 8.957506e+07 2.117192e+13 
1151 3.354295e-03 8.955111e+07 2.114699e+13 
1152 3.357295e-03 8.954527e+07 2.116555e+13 
1153 3.360295e-03 8.953598e+07 2.113921e+13 
1154 3.363295e-03 8.951725e+07 2.113468e+13 
1155 3.366295e-03 8.951144e+07 2.108028e+13 
1156 3.369295e-03 8.949257e+07 2.109778e+13 
1157 3.372295e-03 8.946285e+07 2.112189e+13 
1158 3.375295e-03 8.944588e+07 2.112974e+13 
1159 3.378295e-03 8.944177e+07 2.113210e+13 
1160 3.381295e-03 8.945630e+07 2.113096e+13 
1161 3.384295e-03 8.944402e+07 2.114824e+13 
1162 3.387295e-03 8.945400e+07 2.114500e+13 
1163 3.390295e-03 8.946502e+07 2.115441e+13 
1164 3.393295e-03 8.945275e+07 2.116728e+13 
1165 3.396295e-03 8.942323e+07 2.118657e+13 
1166 3.399295e-03 8.937931e+07 2.120618e+13 
1167 3.402295e-03 8.936411e+07 2.122756e+13 
1168 3.405295e-03 8.933803e+07 2.125219e+13 
1169 3.408295e-03 8.928789e+07 2.127359e+13 
1170 3.411295e-03 8.923528e+07 2.130859e+13 
1171 3.414295e-03 8.917863e+07 2.133353e+13 
1172 3.417295e-03 8.910866e+07 2.132833e+13 
1173 3.420295e-03 8.905986e+07 2.134932e+13 
1174 3.423295e-03 8.901491e+07 2.138469e+13 
1175 3.426295e-03 8.897352e+07 2.141720e+13 
1176 3.429295e-03 8.893790e+07 2.141268e+13 
1177 3.432295e-03 8.890875e+07 2.143200e+13 
1178 3.435295e-03 8.888954e+07 2.145784e+13 
1179 3.438295e-03 8.887484e+07 2.148628e+13 
1180 3.441295e-03 8.885390e+07 2.151354e+13 
1181 3.444295e-03 8.884140e+07 2.151874e+13 
1182 3.447295e-03 8.883770e+07 2.154045e+13 
1183 3.450295e-03 8.883216e+07 2.154670e+13 
1184 3.453295e-03 8.883579e+07 2.156839e+13 
1185 3.456295e-03 8.882835e+07 2.158054e+13 
1186 3.459295e-03 8.882151e+07 2.159365e+13 
1187 3.462295e-03 8.880939e+07 2.162228e+13 
1188 3.465295e-03 8.879300e+07 2.164596e+13 
1189 3.468295e-03 8.877805e+07 2.167928e+13 
1190 3.471295e-03 8.876725e+07 2.170333e+13 
1191 3.474295e-03 8.875497e+07 2.173548e+13 
1192 3.477295e-03 8.874321e+07 2.176311e+13 
1193 3.480295e-03 8.873834e+07 2.179103e+13 
1194 3.483295e-03 8.872076e+07 2.169396e+13 
1195 3.486295e-03 8.870853e+07 2.166870e+13 
1196 3.489295e-03 8.870499e+07 2.166318e+13 
1197 3.492295e-03 8.868901e+07 2.168476e+13 
1198 3.495295e-03 8.867015e+07 2.167243e+13 
1199 3.498295e-03 8.866098e+07 2.169677e+13 
1200 3.501295e-03 8.864369e+07 2.173134e+13 
1201 3.504295e-03 8.860456e+07 2.176400e+13 
1202 3.507295e-03 8.855611e+07 2.179101e+13 
1203 3.510295e-03 8.851449e+07 2.182667e+13 
1204 3.513295e-03 8.846879e+07 2.185676e+13 
1205 3.516295e-03 8.843470e+07 2.188188e+13 
1206 3.519295e-03 8.841872e+07 2.183168e+13 
1207 3.522295e-03 8.843193e+07 2.184997e+13 
1208 3.525295e-03 8.844756e+07 2.186770e+13 
1209 3.528295e-03 8.847888e+07 2.187869e+13 
1210 3.531295e-03 8.850925e+07 2.190320e+13 
1211 3.534295e-03 8.854621e+07 2.192139e+13 
1212 3.537295e-03 8.859506e+07 2.193741e+13 
1213 3.540295e-03 8.861514e+07 2.195672e+13 
1214 3.543295e-03 8.863018e+07 2.194701e+13 
1215 3.546295e-03 8.864011e+07 2.197257e+13 
1216 3.549295e-03 8.864605e+07 2.198480e+13 
1217 3.552295e-03 8.866667e+07 2.201065e+13 
1218 3.555295e-03 8.867171e+07 2.203197e+13 
1219 3.558295e-03 8.864067e+07 2.206492e+13 
1220 3.561295e-03 8.857646e+07 2.206344e+13 
1221 3.564295e-03 8.850539e+07 2.202200e+13 
1222 3.567295e-03 8.845421e+07 2.204621e+13 
1223 3.570295e-03 8.842209e+07 2.205398e+13 
1224 3.573295e-03 8.836993e+07 2.206789e+13 
1225 3.576295e-03 8.831354e+07 2.205274e+13 
1226 3.579295e-03 8.826144e+07 2.207844e+13 
1227 3.582295e-03 8.821985e+07 2.206594e+13 
1228 3.585295e-03 8.816709e+07 2.206331e+13 
1229 3.588295e-03 8.812180e+07 2.207446e+13 
1230 3.591295e-03 8.807878e+07 2.208569e+13 
1231 3.594295e-03 8.801824e+07 2.210955e+13 
1232 3.597295e-03 8.797653e+07 2.210883e+13 
1233 3.600295e-03 8.793763e+07 2.212260e+13 
1234 3.603295e-03 8.787793e+07 2.213148e+13 
1235 3.606295e-03 8.783140e+07 2.211063e+13 
1236 3.609295e-03 8.780216e+07 2.213547e+13 
1237 3.612295e-03 8.775913e+07 2.216708e+13 
1238 3.615295e-03 8.774083e+07 2.219975e+13 
1239 3.618295e-03 8.774697e+07 2.221858e+13 
1240 3.621295e-03 8.774025e+07 2.219366e+13 
1241 3.624295e-03 8.773548e+07 2.221792e+13 
1242 3.627295e-03 8.774027e+07 2.223890e+13 
1243 3.630295e-03 8.773738e+07 2.222194e+13 
1244 3.633295e-03 8.772505e+07 2.223920e+13 
1245 3.636295e-03 8.772441e+07 2.226304e+13 
1246 3.639295e-03 8.773452e+07 2.225661e+13 
1247 3.642295e-03 8.773006e+07 2.228529e+13 
1248 3.645295e-03 8.770467e+07 2.225919e+13 
1249 3.648295e-03 8.767885e+07 2.225691e+13 
1250 3.651295e-03 8.764764e+07 2.228630e+13 
1251 3.654295e-03 8.759407e+07 2.223939e+13 
1252 3.657295e-03 8.756057e+07 2.226846e+13 
1253 3.660295e-03 8.753399e+07 2.230147e+13 
1254 3.663295e-03 8.748277e+07 2.233367e+13 
1255 3.666295e-03 8.741967e+07 2.234906e+13 
1256 3.669295e-03 8.738398e+07 2.237642e+13 
1257 3.672295e-03 8.734522e+07 2.238272e+13 
1258 3.675295e-03 8.732956e+07 2.240235e+13 
1259 3.678295e-03 8.734328e+07 2.237751e+13 
1260 3.681295e-03 8.735226e+07 2.236155e+13 
1261 3.684295e-03 8.737384e+07 2.236471e+13 
1262 3.687295e-03 8.739338e+07 2.237267e+13 
1263 3.690295e-03 8.743583e+07 2.235382e+13 
1264 3.693295e-03 8.745591e+07 2.236258e+13 
1265 3.696295e-03 8.744585e+07 2.225524e+13 
1266 3.699295e-03 8.744781e+07 2.228701e+13 
1267 3.702295e-03 8.747727e+07 2.229650e+13 
1268 3.705295e-03 8.749838e+07 2.232460e+13 
1269 3.708295e-03 8.751330e+07 2.233707e+13 
1270 3.711295e-03 8.752218e+07 2.235585e+13 
1271 3.714295e-03 8.752965e+07 2.237933e+13 
1272 3.717295e-03 8.755276e+07 2.241125e+13 
1273 3.720295e-03 8.756993e+07 2.243504e+13 
1274 3.723295e-03 8.760492e+07 2.245773e+13 
1275 3.726295e-03 8.764405e+07 2.246625e+13 
1276 3.729295e-03 8.771085e+07 2.247948e+13 
1277 3.732295e-03 8.777492e+07 2.250251e+13 
1278 3.735295e-03 8.783886e+07 2.252618e+13 
1279 3.738295e-03 8.789946e+07 2.253594e+13 
1280 3.741295e-03 8.795548e+07 2.256618e+13 
1281 3.744295e-03 8.799835e+07 2.257735e+13 
1282 3.747295e-03 8.802444e+07 2.258634e+13 
1283 3.750295e-03 8.805616e+07 2.260869e+13 
1284 3.753295e-03 8.808559e+07 2.261811e+13 
1285 3.756295e-03 8.809574e+07 2.264683e+13 
1286 3.759295e-03 8.810688e+07 2.267836e+13 
1287 3.762295e-03 8.812336e+07 2.271190e+13 
1288 3.765295e-03 8.814227e+07 2.274562e+13 
1289 3.768295e-03 8.815974e+07 2.276051e+13 
1290 3.771295e-03 8.817714e+07 2.276689e+13 
1291 3.774295e-03 8.819876e+07 2.279312e+13 
1292 3.777295e-03 8.824243e+07 2.280776e+13 
1293 3.780295e-03 8.826473e+07 2.281288e+13 
1294 3.783295e-03 8.827990e+07 2.282676e+13 
1295 3.786295e-03 8.829882e+07 2.284686e+13 
1296 3.789295e-03 8.832799e+07 2.286443e+13 
1297 3.792295e-03 8.834201e+07 2.283099e+13 
1298 3.795295e-03 8.831655e+07 2.279571e+13 
1299 3.798295e-03 8.828770e+07 2.280851e+13 
1300 3.801295e-03 8.826378e+07 2.283521e+13 
1301 3.804295e-03 8.825842e+07 2.285733e+13 
1302 3.807295e-03 8.825840e+07 2.288396e+13 
1303 3.810295e-03 8.824881e+07 2.291066e+13 
1304 3.813295e-03 8.824766e+07 2.293818e+13 
1305 3.816295e-03 8.823959e+07 2.293712e+13 
1306 3.819295e-03 8.821005e+07 2.296223e+13 
1307 3.822295e-03 8.817897e+07 2.299296e+13 
1308 3.825295e-03 8.815006e+07 2.302518e+13 
1309 3.828295e-03 8.813493e+07 2.305312e+13 
1310 3.831295e-03 8.812580e+07 2.308548e+13 
1311 3.834295e-03 8.811533e+07 2.311199e+13 
1312 3.837295e-03 8.811917e+07 2.313974e+13 
1313 3.840295e-03 8.813164e+07 2.316098e+13 
1314 3.843295e-03 8.814558e+07 2.319201e+13 
1315 3.846295e-03 8.814062e+07 2.321986e+13 
1316 3.849295e-03 8.812435e+07 2.324696e+13 
1317 3.852295e-03 8.811437e+07 2.327151e+13 
1318 3.855295e-03 8.810084e+07 2.329247e+13 
1319 3.858295e-03 8.807579e+07 2.332696e+13 
1320 3.861295e-03 8.806512e+07 2.332585e+13 
1321 3.864295e-03 8.804560e+07 2.332520e+13 
1322 3.867295e-03 8.804510e+07 2.335032e+13 
1323 3.870295e-03 8.804346e+07 2.334557e+13 
1324 3.873295e-03 8.804179e+07 2.336057e+13 
1325 3.876295e-03 8.801925e+07 2.338308e+13 
1326 3.879295e-03 8.800971e+07 2.341389e+13 
1327 3.882295e-03 8.799933e+07 2.343040e+13 
1328 3.885295e-03 8.801270e+07 2.339276e+13 
1329 3.888295e-03 8.803303e+07 2.336890e+13 
1330 3.891295e-03 8.806227e+07 2.339062e+13 
1331 3.894295e-03 8.809898e+07 2.340633e+13 
1332 3.897295e-03 8.813397e+07 2.342408e+13 
1333 3.900295e-03 8.816185e+07 2.344711e+13 
1334 3.903295e-03 8.818379e+07 2.345752e+13 
1335 3.906295e-03 8.820495e+07 2.348225e+13 
1336 3.909295e-03 8.823390e+07 2.350600e+13 
1337 3.912295e-03 8.823862e+07 2.351800e+13 
1338 3.915295e-03 8.821880e+07 2.354343e+13 
1339 3.918295e-03 8.820777e+07 2.357551e+13 
1340 3.921295e-03 8.821022e+07 2.360825e+13 
1341 3.924295e-03 8.820039e+07 2.362198e+13 
1342 3.927295e-03 8.818575e+07 2.364508e+13 
1343 3.930295e-03 8.815297e+07 2.365728e+13 
1344 3.933295e-03 8.810615e+07 2.369358e+13 
1345 3.936295e-03 8.805023e+07 2.373152e+13 
1346 3.939295e-03 8.799423e+07 2.377378e+13 
1347 3.942295e-03 8.794973e+07 2.380932e+13 
1348 3.945295e-03 8.792191e+07 2.384558e+13 
1349 3.948295e-03 8.790691e+07 2.388106e+13 
1350 3.951295e-03 8.790429e+07 2.382594e+13 
1351 3.954295e-03 8.790506e+07 2.383543e+13 
1352 3.957295e-03 8.790914e+07 2.384709e+13 
1353 3.960295e-03 8.792643e+07 2.385312e+13 
1354 3.963295e-03 8.792613e+07 2.387417e+13 
1355 3.966295e-03 8.793135e+07 2.389480e+13 
1356 3.969295e-03 8.793662e+07 2.392707e+13 
1357 3.972295e-03 8.792703e+07 2.390660e+13 
1358 3.975295e-03 8.791676e+07 2.388658e+13 
1359 3.978295e-03 8.787155e+07 2.389480e+13 
1360 3.981295e-03 8.781946e+07 2.391387e+13 
1361 3.984295e-03 8.777404e+07 2.390500e+13 
1362 3.987295e-03 8.774563e+07 2.391175e+13 
1363 3.990295e-03 8.772314e+07 2.391835e+13 
1364 3.993295e-03 8.771469e+07 2.390709e+13 
1365 3.996295e-03 8.770607e+07 2.391167e+13 
1366 3.999295e-03 8.769978e+07 2.393364e+13 
1367 4.002295e-03 8.769135e+07 2.395800e+13 
1368 4.005295e-03 8.768833e+07 2.396068e+13 
1369 4.008295e-03 8.767671e+07 2.396189e+13 
