# Step Strain Stress Density
1 1.500000e-09 -5.634544e+02 2.044353e+12 
10 7.986720e-09 5.524865e+01 2.043984e+12 
20 1.697333e-08 9.895525e+02 2.044130e+12 
30 2.348287e-08 1.913399e+03 2.043895e+12 
40 3.105179e-08 3.001494e+03 2.043588e+12 
50 4.411087e-08 4.200368e+03 2.043984e+12 
60 4.847581e-08 4.745984e+03 2.044007e+12 
70 5.683278e-08 5.959572e+03 2.043730e+12 
80 6.438622e-08 6.965824e+03 2.043711e+12 
90 7.069761e-08 7.549814e+03 2.043979e+12 
100 7.619184e-08 8.038498e+03 2.044239e+12 
110 8.537214e-08 8.912008e+03 2.044492e+12 
120 9.285748e-08 1.005384e+04 2.044193e+12 
130 1.000136e-07 1.098620e+04 2.044085e+12 
140 1.040851e-07 1.158503e+04 2.044010e+12 
150 1.120721e-07 1.254087e+04 2.044011e+12 
160 1.196039e-07 1.325516e+04 2.044178e+12 
170 1.259522e-07 1.394889e+04 2.044299e+12 
180 1.297133e-07 1.450274e+04 2.044333e+12 
190 1.344119e-07 1.495867e+04 2.044268e+12 
200 1.417582e-07 1.599747e+04 2.043928e+12 
210 1.481132e-07 1.663856e+04 2.044065e+12 
220 1.560769e-07 1.775500e+04 2.043787e+12 
230 1.627339e-07 1.871716e+04 2.043693e+12 
240 1.680245e-07 1.947026e+04 2.043716e+12 
250 1.728475e-07 1.980717e+04 2.043886e+12 
260 1.775143e-07 2.025256e+04 2.043986e+12 
270 1.868079e-07 2.142843e+04 2.044008e+12 
280 1.933926e-07 2.224652e+04 2.043924e+12 
290 1.958986e-07 2.254198e+04 2.043857e+12 
300 1.996182e-07 2.291846e+04 2.043847e+12 
310 2.114581e-07 2.457135e+04 2.043588e+12 
320 2.274652e-07 2.676616e+04 2.043172e+12 
330 2.386026e-07 2.836661e+04 2.042992e+12 
340 2.470921e-07 2.946578e+04 2.042911e+12 
350 2.611062e-07 3.093422e+04 2.043035e+12 
360 2.765589e-07 3.241086e+04 2.043337e+12 
370 2.888669e-07 3.352404e+04 2.043673e+12 
380 3.002754e-07 3.501711e+04 2.043430e+12 
390 3.077469e-07 3.606465e+04 2.043295e+12 
400 3.237443e-07 3.820824e+04 2.043092e+12 
410 3.537532e-07 4.187878e+04 2.043078e+12 
420 3.653839e-07 4.312684e+04 2.043219e+12 
430 3.747340e-07 4.413138e+04 2.043325e+12 
440 3.899618e-07 4.567194e+04 2.043680e+12 
450 3.981774e-07 4.681423e+04 2.043663e+12 
460 4.088269e-07 4.832321e+04 2.043418e+12 
470 4.257365e-07 5.044422e+04 2.043344e+12 
480 4.320678e-07 5.114562e+04 2.043315e+12 
490 4.391179e-07 5.201382e+04 2.043366e+12 
500 4.466013e-07 5.293947e+04 2.043417e+12 
510 4.660660e-07 5.563649e+04 2.043197e+12 
520 4.797703e-07 5.735843e+04 2.043133e+12 
530 4.899358e-07 5.839014e+04 2.043274e+12 
540 5.041585e-07 6.004032e+04 2.043390e+12 
550 5.117535e-07 6.116016e+04 2.043326e+12 
560 5.264063e-07 6.290261e+04 2.043413e+12 
570 5.418262e-07 6.442138e+04 2.043517e+12 
580 5.564171e-07 6.594553e+04 2.043678e+12 
590 5.618796e-07 6.664320e+04 2.043580e+12 
600 5.673319e-07 6.737725e+04 2.043492e+12 
610 5.804694e-07 6.876343e+04 2.043648e+12 
620 5.943011e-07 7.016341e+04 2.043981e+12 
630 5.981765e-07 7.059617e+04 2.044001e+12 
640 6.045753e-07 7.117968e+04 2.044133e+12 
650 6.133593e-07 7.231871e+04 2.044150e+12 
660 6.204801e-07 7.331484e+04 2.044009e+12 
670 6.281829e-07 7.421705e+04 2.044071e+12 
680 6.354823e-07 7.505214e+04 2.044067e+12 
690 6.419922e-07 7.587344e+04 2.044020e+12 
700 6.467440e-07 7.642540e+04 2.043992e+12 
710 6.497846e-07 7.680766e+04 2.043959e+12 
720 6.524990e-07 7.716958e+04 2.043934e+12 
730 6.603079e-07 7.799159e+04 2.044120e+12 
740 6.636922e-07 7.843959e+04 2.044080e+12 
750 6.732675e-07 7.956623e+04 2.044027e+12 
760 6.788240e-07 8.029145e+04 2.043975e+12 
770 6.867705e-07 8.122837e+04 2.043983e+12 
780 7.002205e-07 8.317518e+04 2.043738e+12 
790 7.047495e-07 8.373358e+04 2.043790e+12 
800 7.091604e-07 8.425833e+04 2.043789e+12 
810 7.137441e-07 8.486148e+04 2.043764e+12 
820 7.209219e-07 8.600035e+04 2.043610e+12 
830 7.351100e-07 8.741150e+04 2.043933e+12 
840 7.394149e-07 8.800987e+04 2.043840e+12 
850 7.438720e-07 8.848160e+04 2.043865e+12 
860 7.486632e-07 8.904935e+04 2.043772e+12 
870 7.566592e-07 9.010157e+04 2.043709e+12 
880 7.625237e-07 9.089682e+04 2.043706e+12 
890 7.690022e-07 9.150001e+04 2.043846e+12 
900 7.867498e-07 9.314688e+04 2.044336e+12 
910 7.922232e-07 9.373308e+04 2.044459e+12 
920 7.970037e-07 9.430103e+04 2.044562e+12 
930 8.050208e-07 9.528757e+04 2.044555e+12 
940 8.109502e-07 9.599242e+04 2.044558e+12 
950 8.241164e-07 9.709846e+04 2.045178e+12 
960 8.278263e-07 9.749631e+04 2.045173e+12 
970 8.341654e-07 9.811826e+04 2.045346e+12 
980 8.424345e-07 9.923025e+04 2.045065e+12 
990 8.520697e-07 1.004090e+05 2.045108e+12 
1000 8.561664e-07 1.008759e+05 2.045171e+12 
1010 8.611118e-07 1.015330e+05 2.045130e+12 
1020 8.709912e-07 1.026099e+05 2.045334e+12 
1030 8.786196e-07 1.034096e+05 2.045319e+12 
1040 8.835556e-07 1.039891e+05 2.045317e+12 
1050 8.869505e-07 1.044433e+05 2.045296e+12 
1060 8.923879e-07 1.051829e+05 2.045181e+12 
1070 9.013130e-07 1.062516e+05 2.045139e+12 
1080 9.077462e-07 1.071272e+05 2.045075e+12 
1090 9.120265e-07 1.076627e+05 2.045114e+12 
1100 9.170819e-07 1.082886e+05 2.045210e+12 
1110 9.207556e-07 1.087667e+05 2.045197e+12 
1120 9.279622e-07 1.097318e+05 2.044927e+12 
1130 9.330772e-07 1.103273e+05 2.044874e+12 
1140 9.378047e-07 1.109223e+05 2.044885e+12 
1150 9.421938e-07 1.114597e+05 2.044847e+12 
1160 9.466923e-07 1.120626e+05 2.044828e+12 
1170 9.497813e-07 1.125278e+05 2.044770e+12 
1180 9.529735e-07 1.129203e+05 2.044768e+12 
1190 9.594102e-07 1.137056e+05 2.044800e+12 
1200 9.691233e-07 1.146307e+05 2.045168e+12 
1210 9.766891e-07 1.152576e+05 2.045470e+12 
1220 9.828974e-07 1.161439e+05 2.045250e+12 
1230 9.890014e-07 1.168243e+05 2.045336e+12 
1240 9.962073e-07 1.176787e+05 2.045304e+12 
1250 1.005312e-06 1.188379e+05 2.045160e+12 
1260 1.010512e-06 1.194758e+05 2.045117e+12 
1270 1.023783e-06 1.213438e+05 2.044779e+12 
1280 1.032765e-06 1.226678e+05 2.044449e+12 
1290 1.040895e-06 1.235890e+05 2.044446e+12 
1300 1.051660e-06 1.247229e+05 2.044648e+12 
1310 1.060777e-06 1.258295e+05 2.044700e+12 
1320 1.066367e-06 1.262585e+05 2.044972e+12 
1330 1.074845e-06 1.273520e+05 2.044793e+12 
1340 1.091334e-06 1.293979e+05 2.044829e+12 
1350 1.094966e-06 1.298409e+05 2.044828e+12 
1360 1.103408e-06 1.310566e+05 2.044625e+12 
1370 1.108681e-06 1.317439e+05 2.044621e+12 
1380 1.114048e-06 1.325029e+05 2.044545e+12 
1390 1.123067e-06 1.335321e+05 2.044748e+12 
1400 1.131520e-06 1.343661e+05 2.044987e+12 
1410 1.135568e-06 1.348494e+05 2.044990e+12 
1420 1.139884e-06 1.354152e+05 2.044999e+12 
1430 1.151772e-06 1.367649e+05 2.045087e+12 
1440 1.155881e-06 1.372502e+05 2.045144e+12 
1450 1.162806e-06 1.380590e+05 2.045342e+12 
1460 1.167963e-06 1.387237e+05 2.045319e+12 
1470 1.174662e-06 1.395470e+05 2.045353e+12 
1480 1.181793e-06 1.403962e+05 2.045423e+12 
1490 1.191031e-06 1.413256e+05 2.045518e+12 
1500 1.194517e-06 1.417123e+05 2.045504e+12 
1510 1.199157e-06 1.422576e+05 2.045588e+12 
1520 1.203296e-06 1.427005e+05 2.045605e+12 
1530 1.207560e-06 1.431252e+05 2.045747e+12 
1540 1.215722e-06 1.440455e+05 2.045809e+12 
1550 1.221541e-06 1.445963e+05 2.045985e+12 
1560 1.225723e-06 1.450032e+05 2.046024e+12 
1570 1.231041e-06 1.455224e+05 2.046129e+12 
1580 1.234341e-06 1.458974e+05 2.046142e+12 
1590 1.241737e-06 1.466862e+05 2.046047e+12 
1600 1.248639e-06 1.474107e+05 2.046193e+12 
1610 1.254924e-06 1.482224e+05 2.046206e+12 
1620 1.260779e-06 1.488567e+05 2.046278e+12 
1630 1.270354e-06 1.498287e+05 2.046524e+12 
1640 1.275640e-06 1.505646e+05 2.046407e+12 
1650 1.279358e-06 1.521844e+05 2.045406e+12 
1660 1.287287e-06 1.530778e+05 2.045299e+12 
1670 1.291209e-06 1.535462e+05 2.045237e+12 
1680 1.295283e-06 1.540472e+05 2.045264e+12 
1690 1.301484e-06 1.547900e+05 2.045340e+12 
1700 1.305776e-06 1.552355e+05 2.045455e+12 
1710 1.310820e-06 1.558066e+05 2.045539e+12 
1720 1.319323e-06 1.568973e+05 2.045550e+12 
1730 1.328372e-06 1.577608e+05 2.045879e+12 
1740 1.336807e-06 1.586346e+05 2.046084e+12 
1750 1.344890e-06 1.594721e+05 2.046318e+12 
1760 1.352402e-06 1.600829e+05 2.046706e+12 
1770 1.366787e-06 1.612858e+05 2.047331e+12 
1780 1.377451e-06 1.625408e+05 2.047531e+12 
1790 1.384430e-06 1.633795e+05 2.047658e+12 
1800 1.393549e-06 1.647557e+05 2.047375e+12 
1810 1.399785e-06 1.657634e+05 2.047137e+12 
1820 1.411246e-06 1.673255e+05 2.046977e+12 
1830 1.417171e-06 1.680679e+05 2.046931e+12 
1840 1.425208e-06 1.690209e+05 2.047072e+12 
1850 1.435021e-06 1.702955e+05 2.047050e+12 
1860 1.439625e-06 1.709337e+05 2.046978e+12 
1870 1.445354e-06 1.718794e+05 2.046846e+12 
1880 1.452699e-06 1.727693e+05 2.046838e+12 
1890 1.457879e-06 1.732827e+05 2.046954e+12 
1900 1.467891e-06 1.742747e+05 2.047227e+12 
1910 1.474694e-06 1.750190e+05 2.047308e+12 
1920 1.482354e-06 1.756611e+05 2.047734e+12 
1930 1.491953e-06 1.763774e+05 2.048299e+12 
1940 1.502191e-06 1.775533e+05 2.048370e+12 
1950 1.513893e-06 1.792449e+05 2.048015e+12 
1960 1.532687e-06 1.812437e+05 2.048577e+12 
1970 1.539901e-06 1.823504e+05 2.048355e+12 
1980 1.550204e-06 1.836953e+05 2.048295e+12 
1990 1.561691e-06 1.851680e+05 2.048369e+12 
2000 1.572040e-06 1.862266e+05 2.048836e+12 
2010 1.580301e-06 1.871684e+05 2.048913e+12 
2020 1.587907e-06 1.880337e+05 2.049144e+12 
2030 1.594994e-06 1.889311e+05 2.049166e+12 
2040 1.602517e-06 1.898995e+05 2.049186e+12 
2050 1.608109e-06 1.905415e+05 2.049299e+12 
2060 1.614952e-06 1.914254e+05 2.049316e+12 
2070 1.624390e-06 1.924607e+05 2.049563e+12 
2080 1.630919e-06 1.931177e+05 2.049689e+12 
2090 1.636217e-06 1.938782e+05 2.049623e+12 
2100 1.646596e-06 1.957132e+05 2.049131e+12 
2110 1.653943e-06 1.965717e+05 2.049132e+12 
2120 1.674401e-06 1.988982e+05 2.049387e+12 
2130 1.687607e-06 2.003471e+05 2.049597e+12 
2140 1.697457e-06 2.015771e+05 2.049605e+12 
2150 1.705560e-06 2.028759e+05 2.049352e+12 
2160 1.710833e-06 2.034451e+05 2.049289e+12 
2170 1.722166e-06 2.047301e+05 2.049570e+12 
2180 1.728104e-06 2.055207e+05 2.049466e+12 
2190 1.735012e-06 2.063000e+05 2.049689e+12 
2200 1.743223e-06 2.073915e+05 2.049738e+12 
2210 1.752396e-06 2.082709e+05 2.050170e+12 
2220 1.761357e-06 2.093550e+05 2.050284e+12 
2230 1.777179e-06 2.113134e+05 2.050330e+12 
2240 1.789354e-06 2.128593e+05 2.050169e+12 
2250 1.811209e-06 2.156664e+05 2.049804e+12 
2260 1.820876e-06 2.169982e+05 2.049608e+12 
2270 1.836261e-06 2.189208e+05 2.049409e+12 
2280 1.850173e-06 2.207298e+05 2.049253e+12 
2290 1.871351e-06 2.233633e+05 2.049026e+12 
2300 1.888619e-06 2.255957e+05 2.048844e+12 
2310 1.910087e-06 2.282842e+05 2.048574e+12 
2320 1.919480e-06 2.294449e+05 2.048438e+12 
2330 1.935043e-06 2.313564e+05 2.048220e+12 
2340 1.946847e-06 2.327605e+05 2.048041e+12 
2350 1.966366e-06 2.352426e+05 2.047759e+12 
2360 1.973447e-06 2.361555e+05 2.047694e+12 
2370 1.991717e-06 2.383343e+05 2.047466e+12 
2380 2.006863e-06 2.402752e+05 2.047335e+12 
2390 2.020240e-06 2.419454e+05 2.047213e+12 
2400 2.028897e-06 2.430290e+05 2.047138e+12 
2410 2.039785e-06 2.443281e+05 2.047079e+12 
2420 2.051395e-06 2.456545e+05 2.047020e+12 
2430 2.061690e-06 2.469294e+05 2.046966e+12 
2440 2.070125e-06 2.479044e+05 2.046908e+12 
2450 2.088654e-06 2.502342e+05 2.046830e+12 
2460 2.107561e-06 2.527218e+05 2.046645e+12 
2470 2.130242e-06 2.556137e+05 2.046366e+12 
2480 2.160681e-06 2.594668e+05 2.046354e+12 
2490 2.184506e-06 2.624275e+05 2.046261e+12 
2500 2.220275e-06 2.666397e+05 2.046093e+12 
2510 2.266603e-06 2.722789e+05 2.045923e+12 
2520 2.280726e-06 2.740795e+05 2.045847e+12 
2530 2.295544e-06 2.758540e+05 2.045894e+12 
2540 2.305484e-06 2.771524e+05 2.045909e+12 
2550 2.313143e-06 2.780153e+05 2.045959e+12 
2560 2.323872e-06 2.793187e+05 2.046033e+12 
2570 2.336055e-06 2.807658e+05 2.046077e+12 
2580 2.358983e-06 2.833929e+05 2.046103e+12 
2590 2.375111e-06 2.853146e+05 2.046151e+12 
2600 2.402998e-06 2.887159e+05 2.046236e+12 
2610 2.412876e-06 2.899808e+05 2.046207e+12 
2620 2.422399e-06 2.911042e+05 2.046196e+12 
2630 2.437177e-06 2.928618e+05 2.046168e+12 
2640 2.449225e-06 2.944574e+05 2.046161e+12 
2650 2.458605e-06 2.956962e+05 2.046177e+12 
2660 2.466641e-06 2.967847e+05 2.046151e+12 
2670 2.473006e-06 2.975260e+05 2.046126e+12 
2680 2.487016e-06 2.992533e+05 2.046104e+12 
2690 2.500103e-06 3.009117e+05 2.046085e+12 
2700 2.516900e-06 3.029910e+05 2.046040e+12 
2710 2.537798e-06 3.055161e+05 2.046053e+12 
2720 2.549771e-06 3.070323e+05 2.046033e+12 
2730 2.557632e-06 3.079882e+05 2.046056e+12 
2740 2.575110e-06 3.100553e+05 2.046027e+12 
2750 2.601173e-06 3.133353e+05 2.045947e+12 
2760 2.626777e-06 3.166566e+05 2.045951e+12 
2770 2.636857e-06 3.178943e+05 2.045951e+12 
2780 2.643380e-06 3.187148e+05 2.045982e+12 
2790 2.651121e-06 3.196732e+05 2.045978e+12 
2800 2.658041e-06 3.205068e+05 2.045976e+12 
2810 2.670508e-06 3.219915e+05 2.045992e+12 
2820 2.683583e-06 3.236393e+05 2.045958e+12 
2830 2.699896e-06 3.255234e+05 2.045947e+12 
2840 2.717652e-06 3.274874e+05 2.045983e+12 
2850 2.728467e-06 3.286822e+05 2.045975e+12 
2860 2.741665e-06 3.302193e+05 2.045920e+12 
2870 2.752243e-06 3.315255e+05 2.045953e+12 
2880 2.763133e-06 3.329635e+05 2.045964e+12 
2890 2.768690e-06 3.335767e+05 2.045948e+12 
2900 2.781027e-06 3.351015e+05 2.045930e+12 
2910 2.802896e-06 3.377970e+05 2.045887e+12 
2920 2.817157e-06 3.396477e+05 2.045849e+12 
2930 2.832060e-06 3.414596e+05 2.045826e+12 
2940 2.856499e-06 3.443235e+05 2.045808e+12 
2950 2.870153e-06 3.461640e+05 2.045772e+12 
2960 2.882032e-06 3.477559e+05 2.045777e+12 
2970 2.902461e-06 3.501907e+05 2.045706e+12 
2980 2.926439e-06 3.534256e+05 2.045661e+12 
2990 2.942386e-06 3.554192e+05 2.045696e+12 
3000 2.958530e-06 3.572140e+05 2.045704e+12 
3010 2.967822e-06 3.585241e+05 2.045719e+12 
3020 2.978028e-06 3.596757e+05 2.045704e+12 
3030 2.990491e-06 3.611121e+05 2.045652e+12 
3040 3.004420e-06 3.627854e+05 2.045572e+12 
3050 3.014334e-06 3.639693e+05 2.045533e+12 
3060 3.028579e-06 3.657106e+05 2.045482e+12 
3070 3.036850e-06 3.666840e+05 2.045447e+12 
3080 3.048351e-06 3.679761e+05 2.045447e+12 
3090 3.076452e-06 3.713223e+05 2.045482e+12 
3100 3.095272e-06 3.734884e+05 2.045502e+12 
3110 3.124733e-06 3.766834e+05 2.045729e+12 
3120 3.142344e-06 3.789481e+05 2.045761e+12 
3130 3.149197e-06 3.797279e+05 2.045782e+12 
3140 3.171816e-06 3.823653e+05 2.045700e+12 
3150 3.184966e-06 3.837242e+05 2.045671e+12 
3160 3.206882e-06 3.867777e+05 2.045740e+12 
3170 3.225984e-06 3.890990e+05 2.045741e+12 
3180 3.242039e-06 3.911317e+05 2.045701e+12 
3190 3.264136e-06 3.936986e+05 2.045832e+12 
3200 3.289971e-06 3.968300e+05 2.045876e+12 
3210 3.299449e-06 3.979852e+05 2.045939e+12 
3220 3.312611e-06 3.996365e+05 2.045955e+12 
3230 3.325882e-06 4.013176e+05 2.046048e+12 
3240 3.338268e-06 4.027676e+05 2.046062e+12 
3250 3.359956e-06 4.051848e+05 2.046004e+12 
3260 3.390034e-06 4.090342e+05 2.046095e+12 
3270 3.414216e-06 4.120557e+05 2.046094e+12 
3280 3.447838e-06 4.160853e+05 2.046117e+12 
3290 3.480649e-06 4.199435e+05 2.046228e+12 
3300 3.489182e-06 4.209632e+05 2.046251e+12 
3310 3.505840e-06 4.230523e+05 2.046402e+12 
3320 3.520241e-06 4.247090e+05 2.046435e+12 
3330 3.548500e-06 4.281288e+05 2.046512e+12 
3340 3.561248e-06 4.296686e+05 2.046469e+12 
3350 3.579823e-06 4.318300e+05 2.046611e+12 
3360 3.603969e-06 4.347797e+05 2.046691e+12 
3370 3.618875e-06 4.365543e+05 2.046754e+12 
3380 3.629307e-06 4.378495e+05 2.046776e+12 
3390 3.640113e-06 4.391191e+05 2.046807e+12 
3400 3.650555e-06 4.405078e+05 2.046832e+12 
3410 3.666105e-06 4.425188e+05 2.046867e+12 
3420 3.680785e-06 4.442655e+05 2.046850e+12 
3430 3.685869e-06 4.449049e+05 2.046861e+12 
3440 3.701040e-06 4.464599e+05 2.046913e+12 
3450 3.710989e-06 4.477140e+05 2.046925e+12 
3460 3.732267e-06 4.502597e+05 2.046935e+12 
3470 3.743360e-06 4.516277e+05 2.046975e+12 
3480 3.758113e-06 4.533447e+05 2.046996e+12 
3490 3.769413e-06 4.546589e+05 2.046978e+12 
3500 3.778585e-06 4.557150e+05 2.046965e+12 
3510 3.786417e-06 4.566867e+05 2.046974e+12 
3520 3.798814e-06 4.581803e+05 2.046990e+12 
3530 3.809417e-06 4.593156e+05 2.046972e+12 
3540 3.815687e-06 4.601706e+05 2.046955e+12 
3550 3.831612e-06 4.622364e+05 2.046978e+12 
3560 3.849057e-06 4.644777e+05 2.046889e+12 
3570 3.858256e-06 4.656585e+05 2.046776e+12 
3580 3.888715e-06 4.694972e+05 2.046769e+12 
3590 3.907892e-06 4.718788e+05 2.046731e+12 
3600 3.928842e-06 4.743178e+05 2.046714e+12 
3610 3.946289e-06 4.765186e+05 2.046742e+12 
3620 3.962432e-06 4.785898e+05 2.046799e+12 
3630 3.973213e-06 4.798236e+05 2.046756e+12 
3640 3.979889e-06 4.803412e+05 2.046916e+12 
3650 3.990495e-06 4.815671e+05 2.046928e+12 
3660 4.003647e-06 4.831662e+05 2.047032e+12 
3670 4.014933e-06 4.845071e+05 2.047052e+12 
3680 4.024390e-06 4.857109e+05 2.047061e+12 
3690 4.041254e-06 4.876435e+05 2.047041e+12 
3700 4.051871e-06 4.890746e+05 2.046997e+12 
3710 4.080305e-06 4.926010e+05 2.047146e+12 
3720 4.092436e-06 4.942206e+05 2.047212e+12 
3730 4.107134e-06 4.959636e+05 2.047352e+12 
3740 4.126628e-06 4.982131e+05 2.047510e+12 
3750 4.157851e-06 5.020302e+05 2.047517e+12 
3760 4.166093e-06 5.031802e+05 2.047536e+12 
3770 4.183438e-06 5.052102e+05 2.047481e+12 
3780 4.211867e-06 5.085884e+05 2.047543e+12 
3790 4.229342e-06 5.105917e+05 2.047591e+12 
3800 4.252260e-06 5.133758e+05 2.047659e+12 
3810 4.263941e-06 5.148302e+05 2.047710e+12 
3820 4.276153e-06 5.163130e+05 2.047740e+12 
3830 4.293475e-06 5.185779e+05 2.047762e+12 
3840 4.301081e-06 5.196105e+05 2.047776e+12 
3850 4.312659e-06 5.210631e+05 2.047720e+12 
3860 4.331050e-06 5.232891e+05 2.047701e+12 
3870 4.348119e-06 5.254427e+05 2.047676e+12 
3880 4.368182e-06 5.279458e+05 2.047683e+12 
3890 4.387740e-06 5.304175e+05 2.047721e+12 
3900 4.401599e-06 5.320881e+05 2.047717e+12 
3910 4.410939e-06 5.332336e+05 2.047714e+12 
3920 4.420254e-06 5.343091e+05 2.047703e+12 
3930 4.428684e-06 5.353396e+05 2.047767e+12 
3940 4.437879e-06 5.364460e+05 2.047865e+12 
3950 4.451639e-06 5.380495e+05 2.047907e+12 
3960 4.473971e-06 5.408891e+05 2.047842e+12 
3970 4.496940e-06 5.436725e+05 2.047777e+12 
3980 4.506775e-06 5.448785e+05 2.047754e+12 
3990 4.518333e-06 5.463303e+05 2.047738e+12 
4000 4.529106e-06 5.477901e+05 2.047776e+12 
4010 4.550633e-06 5.503753e+05 2.047824e+12 
4020 4.559718e-06 5.514365e+05 2.047842e+12 
4030 4.574058e-06 5.533200e+05 2.047800e+12 
4040 4.581262e-06 5.543001e+05 2.047774e+12 
4050 4.594000e-06 5.558658e+05 2.047701e+12 
4060 4.606661e-06 5.574935e+05 2.047691e+12 
4070 4.618434e-06 5.589385e+05 2.047594e+12 
4080 4.630598e-06 5.606691e+05 2.047548e+12 
4090 4.644331e-06 5.625603e+05 2.047523e+12 
4100 4.651454e-06 5.635676e+05 2.047492e+12 
4110 4.656982e-06 5.642535e+05 2.047473e+12 
4120 4.663877e-06 5.651748e+05 2.047457e+12 
4130 4.670285e-06 5.659396e+05 2.047398e+12 
4140 4.678348e-06 5.669814e+05 2.047376e+12 
4150 4.690963e-06 5.686260e+05 2.047366e+12 
4160 4.703916e-06 5.702993e+05 2.047366e+12 
4170 4.713303e-06 5.716057e+05 2.047378e+12 
4180 4.723699e-06 5.730693e+05 2.047418e+12 
4190 4.740973e-06 5.751230e+05 2.047460e+12 
4200 4.751314e-06 5.762290e+05 2.047495e+12 
4210 4.763880e-06 5.777962e+05 2.047501e+12 
4220 4.774500e-06 5.789693e+05 2.047489e+12 
4230 4.793250e-06 5.812413e+05 2.047429e+12 
4240 4.817702e-06 5.841239e+05 2.047473e+12 
4250 4.833206e-06 5.861807e+05 2.047425e+12 
4260 4.845279e-06 5.876937e+05 2.047319e+12 
4270 4.860703e-06 5.895836e+05 2.047222e+12 
4280 4.868896e-06 5.906646e+05 2.047177e+12 
4290 4.883118e-06 5.924872e+05 2.047087e+12 
4300 4.892480e-06 5.937593e+05 2.047014e+12 
4310 4.904692e-06 5.952943e+05 2.047063e+12 
4320 4.914221e-06 5.964755e+05 2.047116e+12 
4330 4.923291e-06 5.976454e+05 2.047130e+12 
4340 4.937447e-06 5.992731e+05 2.047142e+12 
4350 4.948828e-06 6.006936e+05 2.047169e+12 
4360 4.955588e-06 6.015174e+05 2.047189e+12 
4370 4.965704e-06 6.026498e+05 2.047158e+12 
4380 4.974085e-06 6.036304e+05 2.047126e+12 
4390 4.981876e-06 6.045521e+05 2.047068e+12 
4400 4.993167e-06 6.059210e+05 2.047068e+12 
4410 5.008262e-06 6.077193e+05 2.047218e+12 
4420 5.032345e-06 6.106143e+05 2.047286e+12 
4430 5.042063e-06 6.120193e+05 2.047257e+12 
4440 5.052098e-06 6.133707e+05 2.047248e+12 
4450 5.061375e-06 6.146322e+05 2.047310e+12 
4460 5.086248e-06 6.177222e+05 2.047431e+12 
4470 5.104527e-06 6.198272e+05 2.047517e+12 
4480 5.125251e-06 6.224123e+05 2.047496e+12 
4490 5.149696e-06 6.256307e+05 2.047357e+12 
4500 5.178518e-06 6.291617e+05 2.047194e+12 
4510 5.206748e-06 6.324666e+05 2.047094e+12 
4520 5.216426e-06 6.336645e+05 2.047094e+12 
4530 5.231299e-06 6.355753e+05 2.047136e+12 
4540 5.250541e-06 6.375863e+05 2.047091e+12 
4550 5.256872e-06 6.382501e+05 2.047124e+12 
4560 5.274250e-06 6.402997e+05 2.047194e+12 
4570 5.292931e-06 6.425953e+05 2.047167e+12 
4580 5.301548e-06 6.436072e+05 2.047192e+12 
4590 5.313022e-06 6.449606e+05 2.047221e+12 
4600 5.324553e-06 6.462263e+05 2.047227e+12 
4610 5.339938e-06 6.480304e+05 2.047216e+12 
4620 5.351656e-06 6.495642e+05 2.047187e+12 
4630 5.367110e-06 6.512736e+05 2.047199e+12 
4640 5.383245e-06 6.532523e+05 2.047229e+12 
4650 5.393063e-06 6.543981e+05 2.047301e+12 
4660 5.406857e-06 6.559563e+05 2.047408e+12 
4670 5.432270e-06 6.588470e+05 2.047622e+12 
4680 5.443781e-06 6.600164e+05 2.047785e+12 
4690 5.454757e-06 6.612309e+05 2.047874e+12 
4700 5.471623e-06 6.630937e+05 2.048102e+12 
4710 5.486238e-06 6.647986e+05 2.048204e+12 
4720 5.494371e-06 6.657976e+05 2.048187e+12 
4730 5.507690e-06 6.673914e+05 2.048211e+12 
4740 5.519904e-06 6.688730e+05 2.048138e+12 
4750 5.534584e-06 6.706057e+05 2.048064e+12 
4760 5.555654e-06 6.730412e+05 2.048218e+12 
4770 5.562143e-06 6.739434e+05 2.048206e+12 
4780 5.572207e-06 6.748155e+05 2.048420e+12 
4790 5.587456e-06 6.765590e+05 2.048472e+12 
4800 5.606049e-06 6.788056e+05 2.048507e+12 
4810 5.624455e-06 6.809530e+05 2.048595e+12 
4820 5.634566e-06 6.822088e+05 2.048611e+12 
4830 5.652970e-06 6.843732e+05 2.048634e+12 
4840 5.667031e-06 6.857670e+05 2.048782e+12 
4850 5.694425e-06 6.886201e+05 2.049045e+12 
4860 5.703597e-06 6.899072e+05 2.049084e+12 
4870 5.715904e-06 6.914431e+05 2.048996e+12 
4880 5.743211e-06 6.948057e+05 2.048863e+12 
4890 5.751472e-06 6.958233e+05 2.048949e+12 
4900 5.756896e-06 6.964359e+05 2.048965e+12 
4910 5.770889e-06 6.981246e+05 2.049031e+12 
4920 5.789683e-06 7.005314e+05 2.049186e+12 
4930 5.803894e-06 7.024335e+05 2.049330e+12 
4940 5.816347e-06 7.040543e+05 2.049307e+12 
4950 5.826074e-06 7.053942e+05 2.049174e+12 
4960 5.835901e-06 7.067548e+05 2.049187e+12 
4970 5.847925e-06 7.083289e+05 2.049130e+12 
4980 5.857351e-06 7.094179e+05 2.049185e+12 
4990 5.868314e-06 7.106182e+05 2.049295e+12 
5000 5.880304e-06 7.120147e+05 2.049309e+12 
5010 5.889700e-06 7.132487e+05 2.049225e+12 
5020 5.899380e-06 7.145006e+05 2.049056e+12 
5030 5.910110e-06 7.158651e+05 2.049086e+12 
5040 5.920372e-06 7.172126e+05 2.048962e+12 
5050 5.934478e-06 7.189944e+05 2.048916e+12 
5060 5.946891e-06 7.206133e+05 2.048877e+12 
5070 5.982890e-06 7.249585e+05 2.048722e+12 
5080 6.000579e-06 7.271594e+05 2.048684e+12 
5090 6.010792e-06 7.284450e+05 2.048650e+12 
5100 6.020741e-06 7.295744e+05 2.048625e+12 
5110 6.034805e-06 7.313055e+05 2.048621e+12 
5120 6.044160e-06 7.323900e+05 2.048639e+12 
5130 6.052824e-06 7.334340e+05 2.048631e+12 
5140 6.063653e-06 7.347049e+05 2.048607e+12 
5150 6.091590e-06 7.382670e+05 2.048494e+12 
5160 6.104816e-06 7.399603e+05 2.048419e+12 
5170 6.120126e-06 7.419914e+05 2.048310e+12 
5180 6.134274e-06 7.439534e+05 2.048187e+12 
5190 6.154737e-06 7.466195e+05 2.048081e+12 
5200 6.189420e-06 7.510761e+05 2.048008e+12 
5210 6.205696e-06 7.528649e+05 2.048046e+12 
5220 6.235550e-06 7.565375e+05 2.048073e+12 
5230 6.251070e-06 7.586360e+05 2.047966e+12 
5240 6.263372e-06 7.602727e+05 2.047966e+12 
5250 6.281691e-06 7.628305e+05 2.047917e+12 
5260 6.292695e-06 7.641467e+05 2.047958e+12 
5270 6.301009e-06 7.651654e+05 2.047955e+12 
5280 6.318204e-06 7.673141e+05 2.048008e+12 
5290 6.331333e-06 7.690329e+05 2.048019e+12 
5300 6.341228e-06 7.700878e+05 2.048053e+12 
5310 6.361000e-06 7.721991e+05 2.048165e+12 
5320 6.384100e-06 7.751033e+05 2.048167e+12 
5330 6.408310e-06 7.781241e+05 2.048094e+12 
5340 6.418088e-06 7.794943e+05 2.048012e+12 
5350 6.428997e-06 7.809851e+05 2.047972e+12 
5360 6.438681e-06 7.822000e+05 2.047932e+12 
5370 6.450559e-06 7.835946e+05 2.047894e+12 
5380 6.456792e-06 7.843830e+05 2.047884e+12 
5390 6.468666e-06 7.859372e+05 2.047857e+12 
5400 6.486111e-06 7.881741e+05 2.047770e+12 
5410 6.511766e-06 7.915931e+05 2.047680e+12 
5420 6.531243e-06 7.942219e+05 2.047642e+12 
5430 6.552114e-06 7.967701e+05 2.047682e+12 
5440 6.568916e-06 7.990146e+05 2.047577e+12 
5450 6.583235e-06 8.008287e+05 2.047534e+12 
5460 6.599956e-06 8.029710e+05 2.047518e+12 
5470 6.610576e-06 8.044058e+05 2.047522e+12 
5480 6.619518e-06 8.055701e+05 2.047510e+12 
5490 6.628197e-06 8.066685e+05 2.047462e+12 
5500 6.636315e-06 8.076291e+05 2.047438e+12 
5510 6.642281e-06 8.083679e+05 2.047401e+12 
5520 6.654364e-06 8.097349e+05 2.047409e+12 
5530 6.672953e-06 8.120071e+05 2.047364e+12 
5540 6.691215e-06 8.140991e+05 2.047357e+12 
5550 6.699626e-06 8.150119e+05 2.047388e+12 
5560 6.711937e-06 8.164254e+05 2.047383e+12 
5570 6.721364e-06 8.176206e+05 2.047410e+12 
5580 6.726921e-06 8.183311e+05 2.047413e+12 
5590 6.734588e-06 8.193638e+05 2.047404e+12 
5600 6.741382e-06 8.202704e+05 2.047409e+12 
5610 6.755940e-06 8.221855e+05 2.047378e+12 
5620 6.770898e-06 8.238604e+05 2.047351e+12 
5630 6.780154e-06 8.250224e+05 2.047348e+12 
5640 6.789596e-06 8.261468e+05 2.047367e+12 
5650 6.796877e-06 8.271003e+05 2.047383e+12 
5660 6.803054e-06 8.278321e+05 2.047397e+12 
5670 6.814073e-06 8.292978e+05 2.047461e+12 
5680 6.821700e-06 8.303864e+05 2.047497e+12 
5690 6.835636e-06 8.319442e+05 2.047470e+12 
5700 6.850942e-06 8.338433e+05 2.047497e+12 
5710 6.867242e-06 8.358072e+05 2.047511e+12 
5720 6.882673e-06 8.376316e+05 2.047474e+12 
5730 6.906858e-06 8.406752e+05 2.047468e+12 
5740 6.912012e-06 8.413836e+05 2.047478e+12 
5750 6.932311e-06 8.440112e+05 2.047489e+12 
5760 6.965422e-06 8.479746e+05 2.047446e+12 
5770 6.988543e-06 8.508335e+05 2.047496e+12 
5780 6.999741e-06 8.520763e+05 2.047517e+12 
5790 7.009366e-06 8.531411e+05 2.047498e+12 
5800 7.022059e-06 8.546161e+05 2.047488e+12 
5810 7.039236e-06 8.566459e+05 2.047479e+12 
5820 7.054224e-06 8.583832e+05 2.047434e+12 
5830 7.063463e-06 8.594255e+05 2.047413e+12 
5840 7.072557e-06 8.605591e+05 2.047439e+12 
5850 7.094524e-06 8.631990e+05 2.047581e+12 
5860 7.110089e-06 8.650832e+05 2.047623e+12 
5870 7.125153e-06 8.668948e+05 2.047663e+12 
5880 7.140271e-06 8.687588e+05 2.047760e+12 
5890 7.168165e-06 8.719355e+05 2.047784e+12 
5900 7.180016e-06 8.733223e+05 2.047752e+12 
5910 7.195078e-06 8.750145e+05 2.047747e+12 
5920 7.209101e-06 8.766498e+05 2.047724e+12 
5930 7.217716e-06 8.776817e+05 2.047724e+12 
5940 7.232640e-06 8.793560e+05 2.047770e+12 
5950 7.240765e-06 8.802047e+05 2.047759e+12 
5960 7.253822e-06 8.818751e+05 2.047720e+12 
5970 7.275708e-06 8.842260e+05 2.047853e+12 
5980 7.300696e-06 8.870138e+05 2.047837e+12 
5990 7.317604e-06 8.892365e+05 2.047817e+12 
6000 7.323820e-06 8.899348e+05 2.047860e+12 
6010 7.334770e-06 8.912028e+05 2.047890e+12 
6020 7.344103e-06 8.922322e+05 2.047857e+12 
6030 7.361600e-06 8.944218e+05 2.047806e+12 
6040 7.373047e-06 8.959276e+05 2.047777e+12 
6050 7.400649e-06 8.995364e+05 2.047841e+12 
6060 7.425138e-06 9.025679e+05 2.047961e+12 
6070 7.436502e-06 9.038479e+05 2.047967e+12 
6080 7.447767e-06 9.051715e+05 2.048012e+12 
6090 7.467359e-06 9.074180e+05 2.048083e+12 
6100 7.502256e-06 9.115978e+05 2.048267e+12 
6110 7.514285e-06 9.130380e+05 2.048354e+12 
6120 7.545569e-06 9.166775e+05 2.048600e+12 
6130 7.559412e-06 9.182094e+05 2.048749e+12 
6140 7.575789e-06 9.201342e+05 2.048955e+12 
6150 7.592327e-06 9.220973e+05 2.049108e+12 
6160 7.600960e-06 9.231833e+05 2.049180e+12 
6170 7.611283e-06 9.244863e+05 2.049285e+12 
6180 7.621926e-06 9.260023e+05 2.049393e+12 
6190 7.632877e-06 9.276252e+05 2.049833e+12 
6200 7.646061e-06 9.288518e+05 2.049664e+12 
6210 7.654364e-06 9.297241e+05 2.049600e+12 
6220 7.663599e-06 9.307061e+05 2.049522e+12 
6230 7.682953e-06 9.327196e+05 2.049312e+12 
6240 7.693402e-06 9.337069e+05 2.049300e+12 
6250 7.702898e-06 9.347450e+05 2.049238e+12 
6260 7.708697e-06 9.354228e+05 2.049205e+12 
6270 7.720440e-06 9.368681e+05 2.049081e+12 
6280 7.726580e-06 9.375477e+05 2.048962e+12 
6290 7.734913e-06 9.385466e+05 2.048927e+12 
6300 7.744928e-06 9.397177e+05 2.048841e+12 
6310 7.753104e-06 9.407661e+05 2.048806e+12 
6320 7.762408e-06 9.419346e+05 2.048790e+12 
6330 7.770428e-06 9.428369e+05 2.048769e+12 
6340 7.780582e-06 9.440106e+05 2.048716e+12 
6350 7.788704e-06 9.450066e+05 2.048665e+12 
6360 7.795769e-06 9.458137e+05 2.048610e+12 
6370 7.804151e-06 9.467157e+05 2.048583e+12 
6380 7.814427e-06 9.480157e+05 2.048538e+12 
6390 7.820614e-06 9.487742e+05 2.048511e+12 
6400 7.828471e-06 9.496373e+05 2.048464e+12 
6410 7.845706e-06 9.515754e+05 2.048378e+12 
6420 7.854254e-06 9.524503e+05 2.048323e+12 
6430 7.862567e-06 9.533916e+05 2.048288e+12 
6440 7.868747e-06 9.541437e+05 2.048298e+12 
6450 7.879280e-06 9.553582e+05 2.048289e+12 
6460 7.888269e-06 9.564304e+05 2.048234e+12 
6470 7.896020e-06 9.572761e+05 2.048213e+12 
6480 7.905347e-06 9.584927e+05 2.048146e+12 
6490 7.911141e-06 9.591178e+05 2.048157e+12 
6500 7.919235e-06 9.600658e+05 2.048198e+12 
6510 7.927715e-06 9.610289e+05 2.048176e+12 
6520 7.936324e-06 9.620837e+05 2.048174e+12 
6530 7.943431e-06 9.629138e+05 2.048174e+12 
6540 7.949859e-06 9.636329e+05 2.048159e+12 
6550 7.964129e-06 9.653420e+05 2.048159e+12 
6560 7.972560e-06 9.663314e+05 2.048209e+12 
6570 7.988260e-06 9.681015e+05 2.048252e+12 
6580 7.993836e-06 9.686615e+05 2.048182e+12 
6590 8.002068e-06 9.695768e+05 2.048189e+12 
6600 8.010860e-06 9.704829e+05 2.048304e+12 
6610 8.022615e-06 9.717722e+05 2.048274e+12 
6620 8.032462e-06 9.728478e+05 2.048256e+12 
6630 8.043453e-06 9.740282e+05 2.048276e+12 
6640 8.052304e-06 9.749991e+05 2.048288e+12 
6650 8.065483e-06 9.764184e+05 2.048294e+12 
6660 8.072174e-06 9.771319e+05 2.048264e+12 
6670 8.085890e-06 9.787205e+05 2.048258e+12 
6680 8.094212e-06 9.797010e+05 2.048299e+12 
6690 8.101590e-06 9.806475e+05 2.048345e+12 
6700 8.108248e-06 9.813849e+05 2.048385e+12 
6710 8.122521e-06 9.829677e+05 2.048438e+12 
6720 8.139174e-06 9.848896e+05 2.048455e+12 
6730 8.145555e-06 9.855427e+05 2.048430e+12 
6740 8.155362e-06 9.867375e+05 2.048482e+12 
6750 8.160494e-06 9.872681e+05 2.048423e+12 
6760 8.168932e-06 9.881999e+05 2.048421e+12 
6770 8.176148e-06 9.889731e+05 2.048439e+12 
6780 8.182797e-06 9.896962e+05 2.048454e+12 
6790 8.188375e-06 9.902992e+05 2.048460e+12 
6800 8.196058e-06 9.911889e+05 2.048504e+12 
6810 8.201779e-06 9.918440e+05 2.048508e+12 
6820 8.208512e-06 9.927053e+05 2.048516e+12 
6830 8.216864e-06 9.935256e+05 2.048504e+12 
6840 8.229684e-06 9.948967e+05 2.048518e+12 
6850 8.236094e-06 9.956577e+05 2.048503e+12 
6860 8.240431e-06 9.961750e+05 2.048490e+12 
6870 8.250377e-06 9.972258e+05 2.048488e+12 
6880 8.257714e-06 9.981024e+05 2.048459e+12 
6890 8.265600e-06 9.990802e+05 2.048505e+12 
6900 8.273477e-06 9.997798e+05 2.048559e+12 
6910 8.301461e-06 1.002642e+06 2.048624e+12 
6920 8.310871e-06 1.003730e+06 2.048669e+12 
6930 8.319790e-06 1.004704e+06 2.048620e+12 
6940 8.328969e-06 1.005808e+06 2.048623e+12 
6950 8.335710e-06 1.006616e+06 2.048671e+12 
6960 8.344227e-06 1.007600e+06 2.048705e+12 
6970 8.355279e-06 1.008972e+06 2.048751e+12 
6980 8.364319e-06 1.010005e+06 2.048773e+12 
6990 8.371892e-06 1.010770e+06 2.048772e+12 
7000 8.379376e-06 1.011667e+06 2.048814e+12 
7010 8.386640e-06 1.012528e+06 2.048786e+12 
7020 8.392751e-06 1.013243e+06 2.048783e+12 
7030 8.400431e-06 1.014059e+06 2.048790e+12 
7040 8.407948e-06 1.014930e+06 2.048788e+12 
7050 8.418038e-06 1.016149e+06 2.048759e+12 
7060 8.425442e-06 1.017057e+06 2.048785e+12 
7070 8.434373e-06 1.018066e+06 2.048785e+12 
7080 8.440420e-06 1.018617e+06 2.048811e+12 
7090 8.450356e-06 1.019818e+06 2.048805e+12 
7100 8.456229e-06 1.020530e+06 2.048822e+12 
7110 8.465117e-06 1.021633e+06 2.048850e+12 
7120 8.471116e-06 1.022331e+06 2.048845e+12 
7130 8.478893e-06 1.023237e+06 2.048847e+12 
7140 8.487098e-06 1.024083e+06 2.048827e+12 
7150 8.499093e-06 1.025429e+06 2.048814e+12 
7160 8.517275e-06 1.027421e+06 2.048872e+12 
7170 8.529469e-06 1.028864e+06 2.048868e+12 
7180 8.539811e-06 1.030011e+06 2.048845e+12 
7190 8.548157e-06 1.031018e+06 2.048815e+12 
7200 8.558036e-06 1.032187e+06 2.048723e+12 
7210 8.566411e-06 1.033160e+06 2.048721e+12 
7220 8.587762e-06 1.035640e+06 2.048767e+12 
7230 8.599305e-06 1.037026e+06 2.048763e+12 
7240 8.607915e-06 1.038218e+06 2.048707e+12 
7250 8.625417e-06 1.040063e+06 2.048744e+12 
7260 8.635202e-06 1.041391e+06 2.048711e+12 
7270 8.647214e-06 1.042850e+06 2.048756e+12 
7280 8.661011e-06 1.044518e+06 2.048815e+12 
7290 8.687234e-06 1.047538e+06 2.048874e+12 
7300 8.700432e-06 1.049129e+06 2.048886e+12 
7310 8.706541e-06 1.049859e+06 2.048907e+12 
7320 8.713279e-06 1.050684e+06 2.048899e+12 
7330 8.724848e-06 1.051892e+06 2.048909e+12 
7340 8.730189e-06 1.052412e+06 2.048916e+12 
7350 8.743848e-06 1.054027e+06 2.048930e+12 
7360 8.758052e-06 1.055688e+06 2.048934e+12 
7370 8.767789e-06 1.056705e+06 2.048945e+12 
7380 8.780953e-06 1.058194e+06 2.049015e+12 
7390 8.797461e-06 1.060147e+06 2.049030e+12 
7400 8.817987e-06 1.062486e+06 2.048980e+12 
7410 8.832783e-06 1.064183e+06 2.049019e+12 
7420 8.843582e-06 1.065452e+06 2.049031e+12 
7430 8.849947e-06 1.066241e+06 2.049033e+12 
7440 8.859637e-06 1.067464e+06 2.049055e+12 
7450 8.869797e-06 1.068635e+06 2.049073e+12 
7460 8.875837e-06 1.069359e+06 2.049085e+12 
7470 8.884923e-06 1.070542e+06 2.049097e+12 
7480 8.906436e-06 1.073148e+06 2.049138e+12 
7490 8.915747e-06 1.074141e+06 2.049165e+12 
7500 8.927649e-06 1.075606e+06 2.049223e+12 
7510 8.945185e-06 1.077717e+06 2.049246e+12 
7520 8.965881e-06 1.080420e+06 2.049346e+12 
7530 8.977059e-06 1.081759e+06 2.049383e+12 
7540 8.984047e-06 1.082683e+06 2.049422e+12 
7550 8.999074e-06 1.084517e+06 2.049474e+12 
7560 9.025892e-06 1.087777e+06 2.049572e+12 
7570 9.034328e-06 1.088932e+06 2.049614e+12 
7580 9.051573e-06 1.090886e+06 2.049656e+12 
7590 9.079770e-06 1.094348e+06 2.049736e+12 
7600 9.106826e-06 1.097489e+06 2.049838e+12 
7610 9.130337e-06 1.100432e+06 2.049935e+12 
7620 9.139269e-06 1.101473e+06 2.049987e+12 
7630 9.155343e-06 1.103505e+06 2.050034e+12 
7640 9.177099e-06 1.105948e+06 2.050121e+12 
7650 9.196463e-06 1.108135e+06 2.050187e+12 
7660 9.210686e-06 1.109968e+06 2.050236e+12 
7670 9.219707e-06 1.111035e+06 2.050290e+12 
7680 9.237614e-06 1.113272e+06 2.050352e+12 
7690 9.252986e-06 1.115363e+06 2.050453e+12 
7700 9.268856e-06 1.117220e+06 2.050415e+12 
7710 9.282405e-06 1.118887e+06 2.050452e+12 
7720 9.295035e-06 1.120351e+06 2.050500e+12 
7730 9.306521e-06 1.121485e+06 2.050520e+12 
7740 9.321458e-06 1.123388e+06 2.050531e+12 
7750 9.334215e-06 1.125088e+06 2.050488e+12 
7760 9.352360e-06 1.127198e+06 2.050592e+12 
7770 9.364049e-06 1.128526e+06 2.050614e+12 
7780 9.373838e-06 1.129755e+06 2.050642e+12 
7790 9.384949e-06 1.131022e+06 2.050690e+12 
7800 9.408571e-06 1.133789e+06 2.050754e+12 
7810 9.434616e-06 1.136395e+06 2.050833e+12 
7820 9.443907e-06 1.137441e+06 2.050861e+12 
7830 9.460661e-06 1.139315e+06 2.050933e+12 
7840 9.474040e-06 1.140823e+06 2.050997e+12 
7850 9.481762e-06 1.141716e+06 2.051052e+12 
7860 9.493601e-06 1.143064e+06 2.051129e+12 
7870 9.508335e-06 1.144672e+06 2.051194e+12 
7880 9.522152e-06 1.146208e+06 2.051301e+12 
7890 9.531314e-06 1.147222e+06 2.051370e+12 
7900 9.559560e-06 1.150663e+06 2.051428e+12 
7910 9.573359e-06 1.152293e+06 2.051454e+12 
7920 9.594831e-06 1.154728e+06 2.051552e+12 
7930 9.602947e-06 1.155703e+06 2.051593e+12 
7940 9.626121e-06 1.158430e+06 2.051565e+12 
7950 9.643713e-06 1.160746e+06 2.051423e+12 
7960 9.654702e-06 1.162040e+06 2.051355e+12 
7970 9.669095e-06 1.163864e+06 2.051276e+12 
7980 9.683182e-06 1.165444e+06 2.051152e+12 
7990 9.704545e-06 1.167842e+06 2.050953e+12 
8000 9.721828e-06 1.170009e+06 2.050786e+12 
8010 9.733482e-06 1.171546e+06 2.050684e+12 
8020 9.742394e-06 1.172797e+06 2.050655e+12 
8030 9.750435e-06 1.174005e+06 2.050664e+12 
8040 9.761303e-06 1.175432e+06 2.050523e+12 
8050 9.774971e-06 1.177089e+06 2.050375e+12 
8060 9.784388e-06 1.178138e+06 2.050299e+12 
8070 9.794827e-06 1.179445e+06 2.050244e+12 
8080 9.810334e-06 1.181425e+06 2.050058e+12 
8090 9.821091e-06 1.182701e+06 2.049938e+12 
8100 9.829254e-06 1.183612e+06 2.049898e+12 
8110 9.839986e-06 1.184933e+06 2.049837e+12 
8120 9.867974e-06 1.188524e+06 2.049611e+12 
8130 9.880661e-06 1.190148e+06 2.049534e+12 
8140 9.887688e-06 1.191011e+06 2.049475e+12 
8150 9.904221e-06 1.192829e+06 2.049324e+12 
8160 9.913735e-06 1.194190e+06 2.049234e+12 
8170 9.924959e-06 1.195582e+06 2.049170e+12 
8180 9.935138e-06 1.196783e+06 2.048992e+12 
8190 9.941633e-06 1.197572e+06 2.048914e+12 
8200 9.949987e-06 1.198740e+06 2.048831e+12 
8210 9.957839e-06 1.199641e+06 2.048728e+12 
8220 9.967209e-06 1.200938e+06 2.048706e+12 
8230 9.985698e-06 1.203070e+06 2.048553e+12 
8240 9.995219e-06 1.204123e+06 2.048458e+12 
8250 1.000889e-05 1.205799e+06 2.048377e+12 
8260 1.002436e-05 1.207899e+06 2.048345e+12 
8270 1.003175e-05 1.208850e+06 2.048296e+12 
8280 1.004034e-05 1.209842e+06 2.048270e+12 
8290 1.005115e-05 1.211240e+06 2.048196e+12 
8300 1.005686e-05 1.211973e+06 2.048156e+12 
8310 1.007326e-05 1.213877e+06 2.048074e+12 
8320 1.009512e-05 1.216392e+06 2.047870e+12 
8330 1.010596e-05 1.217580e+06 2.047751e+12 
8340 1.011704e-05 1.218818e+06 2.047696e+12 
8350 1.012779e-05 1.220170e+06 2.047651e+12 
8360 1.014451e-05 1.222325e+06 2.047588e+12 
8370 1.017822e-05 1.226319e+06 2.047430e+12 
8380 1.018916e-05 1.227678e+06 2.047379e+12 
8390 1.020956e-05 1.230056e+06 2.047259e+12 
8400 1.022488e-05 1.231953e+06 2.047260e+12 
8410 1.023359e-05 1.232921e+06 2.047207e+12 
8420 1.024676e-05 1.234243e+06 2.047166e+12 
8430 1.025533e-05 1.235186e+06 2.047136e+12 
8440 1.026372e-05 1.236163e+06 2.047108e+12 
8450 1.027835e-05 1.237822e+06 2.047018e+12 
8460 1.029033e-05 1.239360e+06 2.047007e+12 
8470 1.030168e-05 1.240649e+06 2.046977e+12 
8480 1.031619e-05 1.242384e+06 2.046999e+12 
8490 1.035050e-05 1.246452e+06 2.046909e+12 
8500 1.036289e-05 1.248096e+06 2.046887e+12 
8510 1.038140e-05 1.250124e+06 2.046796e+12 
8520 1.039363e-05 1.251701e+06 2.046785e+12 
8530 1.040494e-05 1.252933e+06 2.046764e+12 
8540 1.042252e-05 1.254842e+06 2.046718e+12 
8550 1.044705e-05 1.257851e+06 2.046611e+12 
8560 1.045685e-05 1.258936e+06 2.046593e+12 
8570 1.046527e-05 1.259948e+06 2.046563e+12 
8580 1.047852e-05 1.261601e+06 2.046600e+12 
8590 1.050054e-05 1.264605e+06 2.046611e+12 
8600 1.051695e-05 1.266669e+06 2.046607e+12 
8610 1.053255e-05 1.268535e+06 2.046552e+12 
8620 1.055682e-05 1.271432e+06 2.046483e+12 
8630 1.056524e-05 1.272409e+06 2.046427e+12 
8640 1.058065e-05 1.274285e+06 2.046403e+12 
8650 1.059663e-05 1.276219e+06 2.046420e+12 
8660 1.061821e-05 1.279037e+06 2.046333e+12 
8670 1.062869e-05 1.280318e+06 2.046287e+12 
8680 1.064320e-05 1.282095e+06 2.046203e+12 
8690 1.065233e-05 1.283048e+06 2.046141e+12 
8700 1.066838e-05 1.285151e+06 2.045996e+12 
8710 1.069259e-05 1.287757e+06 2.046085e+12 
8720 1.070841e-05 1.289606e+06 2.046105e+12 
8730 1.072471e-05 1.291846e+06 2.045993e+12 
8740 1.074769e-05 1.294870e+06 2.045897e+12 
8750 1.076314e-05 1.296810e+06 2.045885e+12 
8760 1.078302e-05 1.299274e+06 2.045876e+12 
8770 1.079298e-05 1.300477e+06 2.045862e+12 
8780 1.080478e-05 1.301972e+06 2.045925e+12 
8790 1.083426e-05 1.305396e+06 2.045918e+12 
8800 1.085693e-05 1.308238e+06 2.045973e+12 
8810 1.087681e-05 1.310576e+06 2.045993e+12 
8820 1.088981e-05 1.312273e+06 2.045997e+12 
8830 1.091604e-05 1.315649e+06 2.045987e+12 
8840 1.093960e-05 1.318512e+06 2.045935e+12 
8850 1.096990e-05 1.322341e+06 2.045948e+12 
8860 1.100084e-05 1.326103e+06 2.045952e+12 
8870 1.101995e-05 1.328413e+06 2.045960e+12 
8880 1.103021e-05 1.329772e+06 2.045960e+12 
8890 1.104608e-05 1.331689e+06 2.045950e+12 
8900 1.105457e-05 1.332667e+06 2.045944e+12 
8910 1.106026e-05 1.333451e+06 2.045929e+12 
8920 1.106552e-05 1.333959e+06 2.045919e+12 
8930 1.107026e-05 1.334531e+06 2.045904e+12 
8940 1.107915e-05 1.335229e+06 2.045905e+12 
8950 1.108478e-05 1.335748e+06 2.045928e+12 
8960 1.109062e-05 1.336153e+06 2.045957e+12 
8970 1.109529e-05 1.336820e+06 2.045912e+12 
8980 1.110796e-05 1.338876e+06 2.045842e+12 
8990 1.111573e-05 1.340074e+06 2.045842e+12 
9000 1.112259e-05 1.340850e+06 2.045830e+12 
9010 1.113193e-05 1.341746e+06 2.045872e+12 
9020 1.113909e-05 1.342372e+06 2.045925e+12 
9030 1.114629e-05 1.343176e+06 2.045975e+12 
9040 1.115228e-05 1.343739e+06 2.046012e+12 
9050 1.115593e-05 1.344197e+06 2.046036e+12 
9060 1.116303e-05 1.345137e+06 2.046069e+12 
9070 1.117157e-05 1.346175e+06 2.046078e+12 
9080 1.117861e-05 1.346856e+06 2.046174e+12 
9090 1.119585e-05 1.348779e+06 2.046248e+12 
9100 1.120675e-05 1.349759e+06 2.046278e+12 
9110 1.121514e-05 1.350762e+06 2.046317e+12 
9120 1.122385e-05 1.351902e+06 2.046242e+12 
9130 1.123654e-05 1.353747e+06 2.046099e+12 
9140 1.124890e-05 1.355434e+06 2.046030e+12 
9150 1.126218e-05 1.357365e+06 2.045977e+12 
9160 1.127690e-05 1.359462e+06 2.045864e+12 
9170 1.129400e-05 1.361998e+06 2.045867e+12 
9180 1.131588e-05 1.365406e+06 2.045925e+12 
9190 1.132670e-05 1.366785e+06 2.045962e+12 
9200 1.133506e-05 1.367797e+06 2.045951e+12 
9210 1.135365e-05 1.370286e+06 2.045976e+12 
9220 1.136037e-05 1.371068e+06 2.045994e+12 
9230 1.136974e-05 1.372227e+06 2.045993e+12 
9240 1.137733e-05 1.373129e+06 2.045985e+12 
9250 1.138696e-05 1.374263e+06 2.045975e+12 
9260 1.140303e-05 1.375961e+06 2.045944e+12 
9270 1.141635e-05 1.377444e+06 2.045927e+12 
9280 1.143071e-05 1.379147e+06 2.045921e+12 
9290 1.144449e-05 1.380694e+06 2.045885e+12 
9300 1.145227e-05 1.381621e+06 2.045878e+12 
9310 1.146482e-05 1.382886e+06 2.045871e+12 
9320 1.147325e-05 1.383588e+06 2.045761e+12 
9330 1.148923e-05 1.385392e+06 2.045687e+12 
9340 1.151427e-05 1.388391e+06 2.045723e+12 
9350 1.153801e-05 1.391230e+06 2.045655e+12 
9360 1.154583e-05 1.392075e+06 2.045624e+12 
9370 1.155948e-05 1.393596e+06 2.045602e+12 
9380 1.157118e-05 1.394878e+06 2.045580e+12 
9390 1.159838e-05 1.397789e+06 2.045696e+12 
9400 1.163940e-05 1.401685e+06 2.045834e+12 
9410 1.165612e-05 1.403113e+06 2.045993e+12 
9420 1.167089e-05 1.404320e+06 2.046142e+12 
9430 1.167783e-05 1.405310e+06 2.046090e+12 
9440 1.168285e-05 1.406089e+06 2.046045e+12 
9450 1.168836e-05 1.407162e+06 2.045944e+12 
9460 1.170608e-05 1.410824e+06 2.045748e+12 
9470 1.172138e-05 1.413542e+06 2.045758e+12 
9480 1.173291e-05 1.415367e+06 2.045821e+12 
9490 1.174181e-05 1.416747e+06 2.045876e+12 
9500 1.175288e-05 1.418483e+06 2.045937e+12 
9510 1.176792e-05 1.420690e+06 2.046098e+12 
9520 1.178286e-05 1.422540e+06 2.046138e+12 
9530 1.179173e-05 1.423686e+06 2.046203e+12 
9540 1.179807e-05 1.424512e+06 2.046217e+12 
9550 1.181131e-05 1.426198e+06 2.046198e+12 
9560 1.182345e-05 1.427544e+06 2.046153e+12 
9570 1.183073e-05 1.428255e+06 2.046081e+12 
9580 1.184415e-05 1.429866e+06 2.046065e+12 
9590 1.185968e-05 1.431739e+06 2.046035e+12 
9600 1.187510e-05 1.433464e+06 2.045941e+12 
9610 1.188151e-05 1.433937e+06 2.045867e+12 
9620 1.188970e-05 1.434702e+06 2.045803e+12 
9630 1.190396e-05 1.436322e+06 2.045803e+12 
9640 1.191480e-05 1.437504e+06 2.045777e+12 
9650 1.193729e-05 1.440349e+06 2.045714e+12 
9660 1.194937e-05 1.441735e+06 2.045713e+12 
9670 1.195678e-05 1.442791e+06 2.045705e+12 
9680 1.196675e-05 1.443850e+06 2.045685e+12 
9690 1.197879e-05 1.445346e+06 2.045714e+12 
9700 1.200609e-05 1.448839e+06 2.045620e+12 
9710 1.201819e-05 1.450296e+06 2.045559e+12 
9720 1.203187e-05 1.451918e+06 2.045557e+12 
9730 1.204405e-05 1.453380e+06 2.045532e+12 
9740 1.205885e-05 1.455042e+06 2.045491e+12 
9750 1.207919e-05 1.457617e+06 2.045447e+12 
9760 1.208852e-05 1.458801e+06 2.045443e+12 
9770 1.210919e-05 1.460975e+06 2.045432e+12 
9780 1.213519e-05 1.463861e+06 2.045470e+12 
9790 1.214577e-05 1.465081e+06 2.045435e+12 
9800 1.215651e-05 1.466322e+06 2.045415e+12 
9810 1.217280e-05 1.468105e+06 2.045409e+12 
9820 1.219303e-05 1.470485e+06 2.045370e+12 
9830 1.220195e-05 1.471515e+06 2.045354e+12 
9840 1.221604e-05 1.473008e+06 2.045332e+12 
9850 1.223395e-05 1.475398e+06 2.045193e+12 
9860 1.224746e-05 1.477067e+06 2.045224e+12 
9870 1.226250e-05 1.478707e+06 2.045372e+12 
9880 1.227362e-05 1.480021e+06 2.045353e+12 
9890 1.228895e-05 1.481918e+06 2.045346e+12 
9900 1.232134e-05 1.485535e+06 2.045391e+12 
9910 1.233404e-05 1.487015e+06 2.045424e+12 
9920 1.235177e-05 1.489183e+06 2.045433e+12 
9930 1.237922e-05 1.492330e+06 2.045518e+12 
9940 1.240342e-05 1.494975e+06 2.045549e+12 
9950 1.242309e-05 1.497171e+06 2.045570e+12 
9960 1.243563e-05 1.498731e+06 2.045567e+12 
9970 1.245089e-05 1.500547e+06 2.045534e+12 
9980 1.246228e-05 1.501834e+06 2.045502e+12 
9990 1.247600e-05 1.503447e+06 2.045473e+12 
10000 1.248998e-05 1.505137e+06 2.045498e+12 
10010 1.250832e-05 1.507358e+06 2.045500e+12 
10020 1.253429e-05 1.510645e+06 2.045530e+12 
10030 1.253885e-05 1.511203e+06 2.045535e+12 
10040 1.254369e-05 1.511955e+06 2.045526e+12 
10050 1.254983e-05 1.512799e+06 2.045543e+12 
10060 1.255807e-05 1.513585e+06 2.045594e+12 
10070 1.256421e-05 1.514242e+06 2.045613e+12 
10080 1.257014e-05 1.514864e+06 2.045666e+12 
10090 1.257703e-05 1.515722e+06 2.045683e+12 
10100 1.258326e-05 1.516377e+06 2.045635e+12 
10110 1.258902e-05 1.517083e+06 2.045592e+12 
10120 1.259526e-05 1.517696e+06 2.045559e+12 
10130 1.260175e-05 1.518417e+06 2.045548e+12 
10140 1.261615e-05 1.519914e+06 2.045524e+12 
10150 1.262680e-05 1.520959e+06 2.045485e+12 
10160 1.263473e-05 1.521900e+06 2.045474e+12 
10170 1.264491e-05 1.523038e+06 2.045512e+12 
10180 1.265006e-05 1.523565e+06 2.045520e+12 
10190 1.265441e-05 1.523989e+06 2.045509e+12 
10200 1.266102e-05 1.524610e+06 2.045508e+12 
10210 1.266555e-05 1.525122e+06 2.045531e+12 
10220 1.267320e-05 1.525881e+06 2.045546e+12 
10230 1.267933e-05 1.526393e+06 2.045549e+12 
10240 1.268680e-05 1.527142e+06 2.045556e+12 
10250 1.269477e-05 1.527969e+06 2.045560e+12 
10260 1.270084e-05 1.528690e+06 2.045590e+12 
10270 1.270902e-05 1.529509e+06 2.045647e+12 
10280 1.271739e-05 1.530256e+06 2.045791e+12 
10290 1.272102e-05 1.530498e+06 2.045866e+12 
10300 1.272526e-05 1.530759e+06 2.045965e+12 
10310 1.273236e-05 1.531200e+06 2.046172e+12 
10320 1.273972e-05 1.531589e+06 2.046404e+12 
10330 1.274547e-05 1.532087e+06 2.046510e+12 
10340 1.275069e-05 1.532682e+06 2.046531e+12 
10350 1.275517e-05 1.533235e+06 2.046516e+12 
10360 1.276039e-05 1.533852e+06 2.046433e+12 
10370 1.276587e-05 1.534580e+06 2.046339e+12 
10380 1.277235e-05 1.535468e+06 2.046258e+12 
10390 1.277697e-05 1.536013e+06 2.046235e+12 
10400 1.278188e-05 1.536876e+06 2.046130e+12 
10410 1.278721e-05 1.537310e+06 2.046228e+12 
10420 1.279185e-05 1.537472e+06 2.046416e+12 
10430 1.279778e-05 1.538001e+06 2.046525e+12 
10440 1.280684e-05 1.538984e+06 2.046489e+12 
10450 1.281611e-05 1.539501e+06 2.046659e+12 
10460 1.282255e-05 1.540458e+06 2.046457e+12 
10470 1.282986e-05 1.541657e+06 2.046344e+12 
10480 1.284063e-05 1.543055e+06 2.046328e+12 
10490 1.284566e-05 1.543844e+06 2.046268e+12 
10500 1.285026e-05 1.544044e+06 2.046422e+12 
10510 1.285514e-05 1.544874e+06 2.046295e+12 
10520 1.286045e-05 1.545378e+06 2.046337e+12 
10530 1.286642e-05 1.546079e+06 2.046376e+12 
10540 1.287140e-05 1.546611e+06 2.046419e+12 
10550 1.287524e-05 1.547138e+06 2.046399e+12 
10560 1.288017e-05 1.547816e+06 2.046323e+12 
10570 1.288517e-05 1.548808e+06 2.046140e+12 
10580 1.288827e-05 1.549287e+06 2.046105e+12 
10590 1.289241e-05 1.549923e+06 2.046072e+12 
10600 1.289709e-05 1.550319e+06 2.046092e+12 
10610 1.290357e-05 1.550860e+06 2.046206e+12 
10620 1.291075e-05 1.551883e+06 2.046112e+12 
10630 1.291415e-05 1.552342e+06 2.046042e+12 
10640 1.292039e-05 1.553559e+06 2.045842e+12 
10650 1.292802e-05 1.554956e+06 2.045671e+12 
10660 1.293306e-05 1.555763e+06 2.045574e+12 
10670 1.293658e-05 1.556344e+06 2.045533e+12 
10680 1.294035e-05 1.557137e+06 2.045433e+12 
10690 1.294385e-05 1.557406e+06 2.045457e+12 
10700 1.294791e-05 1.557932e+06 2.045460e+12 
10710 1.295369e-05 1.558734e+06 2.045426e+12 
10720 1.295970e-05 1.559878e+06 2.045326e+12 
10730 1.296368e-05 1.560236e+06 2.045371e+12 
10740 1.296821e-05 1.561071e+06 2.045288e+12 
10750 1.297295e-05 1.561839e+06 2.045278e+12 
10760 1.298140e-05 1.562965e+06 2.045241e+12 
10770 1.298586e-05 1.563572e+06 2.045241e+12 
10780 1.299186e-05 1.564335e+06 2.045265e+12 
10790 1.299618e-05 1.564875e+06 2.045288e+12 
10800 1.300055e-05 1.565503e+06 2.045277e+12 
10810 1.300421e-05 1.565776e+06 2.045324e+12 
10820 1.301037e-05 1.566542e+06 2.045342e+12 
10830 1.301742e-05 1.566918e+06 2.045509e+12 
10840 1.302160e-05 1.567478e+06 2.045471e+12 
10850 1.302615e-05 1.567997e+06 2.045446e+12 
10860 1.303509e-05 1.569152e+06 2.045494e+12 
10870 1.304765e-05 1.571159e+06 2.045326e+12 
10880 1.305332e-05 1.572202e+06 2.045200e+12 
10890 1.305998e-05 1.573241e+06 2.045139e+12 
10900 1.306640e-05 1.574006e+06 2.045122e+12 
10910 1.307204e-05 1.574732e+06 2.045137e+12 
10920 1.307620e-05 1.575308e+06 2.045109e+12 
10930 1.307961e-05 1.575761e+06 2.045091e+12 
10940 1.308429e-05 1.576291e+06 2.045091e+12 
10950 1.308811e-05 1.576862e+06 2.045064e+12 
10960 1.309272e-05 1.577290e+06 2.045070e+12 
10970 1.309972e-05 1.578000e+06 2.045054e+12 
10980 1.310473e-05 1.578669e+06 2.045030e+12 
10990 1.311007e-05 1.579381e+06 2.045015e+12 
11000 1.311488e-05 1.579940e+06 2.045009e+12 
11010 1.312165e-05 1.581196e+06 2.044937e+12 
11020 1.312521e-05 1.581648e+06 2.044940e+12 
11030 1.313080e-05 1.582421e+06 2.044916e+12 
11040 1.313495e-05 1.582913e+06 2.044905e+12 
11050 1.313838e-05 1.583393e+06 2.044903e+12 
11060 1.314340e-05 1.583963e+06 2.044926e+12 
11070 1.314576e-05 1.584306e+06 2.044923e+12 
11080 1.315139e-05 1.584843e+06 2.044946e+12 
11090 1.315844e-05 1.585527e+06 2.044981e+12 
11100 1.316245e-05 1.585993e+06 2.044973e+12 
11110 1.316737e-05 1.586758e+06 2.044970e+12 
11120 1.317131e-05 1.587309e+06 2.044961e+12 
11130 1.318007e-05 1.588561e+06 2.044946e+12 
11140 1.318534e-05 1.589221e+06 2.044928e+12 
11150 1.319001e-05 1.589831e+06 2.044942e+12 
11160 1.319414e-05 1.590329e+06 2.044926e+12 
11170 1.319908e-05 1.590579e+06 2.044993e+12 
11180 1.320678e-05 1.590986e+06 2.045071e+12 
11190 1.321246e-05 1.591641e+06 2.045071e+12 
11200 1.321775e-05 1.592180e+06 2.045084e+12 
11210 1.322304e-05 1.592674e+06 2.045109e+12 
11220 1.322941e-05 1.593742e+06 2.045061e+12 
11230 1.323534e-05 1.594705e+06 2.045019e+12 
11240 1.324095e-05 1.594949e+06 2.045095e+12 
11250 1.326335e-05 1.596680e+06 2.045371e+12 
11260 1.327100e-05 1.597044e+06 2.045568e+12 
11270 1.327970e-05 1.598164e+06 2.045565e+12 
11280 1.328854e-05 1.598960e+06 2.045645e+12 
11290 1.329879e-05 1.600474e+06 2.045559e+12 
11300 1.330502e-05 1.601447e+06 2.045470e+12 
11310 1.330992e-05 1.601900e+06 2.045502e+12 
11320 1.331468e-05 1.602550e+06 2.045491e+12 
11330 1.331750e-05 1.602878e+06 2.045499e+12 
11340 1.332211e-05 1.603369e+06 2.045536e+12 
11350 1.332875e-05 1.603839e+06 2.045653e+12 
11360 1.333663e-05 1.605374e+06 2.045441e+12 
11370 1.334903e-05 1.607358e+06 2.045238e+12 
11380 1.335635e-05 1.608572e+06 2.045138e+12 
11390 1.336036e-05 1.608941e+06 2.045157e+12 
11400 1.336363e-05 1.609218e+06 2.045199e+12 
11410 1.336740e-05 1.609508e+06 2.045232e+12 
11420 1.337471e-05 1.610545e+06 2.045137e+12 
11430 1.337907e-05 1.610988e+06 2.045165e+12 
11440 1.338417e-05 1.611529e+06 2.045156e+12 
