# Step Strain Stress Density
1 3.000000e-09 3.342917e+02 2.044395e+12 
2 6.600000e-09 8.452240e+02 2.044311e+12 
3 1.092000e-08 1.262115e+03 2.044341e+12 
4 1.610400e-08 1.783235e+03 2.044367e+12 
5 2.232480e-08 2.664461e+03 2.044129e+12 
6 2.978976e-08 3.779083e+03 2.043856e+12 
7 3.874771e-08 4.867264e+03 2.043844e+12 
8 4.949725e-08 6.180398e+03 2.043887e+12 
9 6.239671e-08 7.269999e+03 2.044406e+12 
10 7.787605e-08 9.657626e+03 2.043879e+12 
11 9.645126e-08 1.218260e+04 2.043931e+12 
12 1.187415e-07 1.484014e+04 2.044152e+12 
13 1.454898e-07 1.875644e+04 2.043819e+12 
14 1.775878e-07 2.316234e+04 2.043408e+12 
15 2.161053e-07 2.736182e+04 2.043969e+12 
16 2.623264e-07 3.382729e+04 2.042957e+12 
17 3.177917e-07 3.940719e+04 2.043181e+12 
18 3.843500e-07 4.667505e+04 2.043631e+12 
19 4.642200e-07 5.633983e+04 2.043647e+12 
20 5.600640e-07 6.699413e+04 2.043993e+12 
21 6.750768e-07 8.039768e+04 2.045123e+12 
22 8.130922e-07 9.711478e+04 2.045072e+12 
23 9.787106e-07 1.166402e+05 2.046772e+12 
24 1.177453e-06 1.426505e+05 2.044562e+12 
25 1.415943e-06 1.716439e+05 2.045540e+12 
26 1.702132e-06 2.049165e+05 2.047630e+12 
27 2.045558e-06 2.474743e+05 2.047357e+12 
28 2.457670e-06 2.971962e+05 2.047545e+12 
29 2.952204e-06 3.584993e+05 2.045870e+12 
30 3.545645e-06 4.316516e+05 2.046783e+12 
31 4.257774e-06 5.209537e+05 2.047467e+12 
32 5.112328e-06 6.217716e+05 2.048975e+12 
33 6.137794e-06 7.463830e+05 2.052352e+12 
34 7.368353e-06 8.953757e+05 2.050525e+12 
35 8.845023e-06 1.072455e+06 2.048666e+12 
36 1.061703e-05 1.289101e+06 2.047393e+12 
37 1.274343e-05 1.545029e+06 2.049359e+12 
38 1.529512e-05 1.847417e+06 2.050148e+12 
39 1.829512e-05 2.213438e+06 2.051945e+12 
40 2.129512e-05 2.574433e+06 2.054899e+12 
41 2.429512e-05 2.951019e+06 2.057800e+12 
42 2.729512e-05 3.318498e+06 2.058211e+12 
43 3.029512e-05 3.673370e+06 2.057945e+12 
44 3.329512e-05 4.038803e+06 2.056114e+12 
45 3.629512e-05 4.388313e+06 2.060308e+12 
46 3.929512e-05 4.762095e+06 2.060962e+12 
47 4.229512e-05 5.118615e+06 2.063515e+12 
48 4.529512e-05 5.481605e+06 2.064081e+12 
49 4.829512e-05 5.838082e+06 2.067563e+12 
50 5.129512e-05 6.198543e+06 2.067917e+12 
51 5.429512e-05 6.555198e+06 2.069827e+12 
52 5.729512e-05 6.911743e+06 2.069228e+12 
53 6.029512e-05 7.252524e+06 2.070542e+12 
54 6.329512e-05 7.606623e+06 2.069962e+12 
55 6.629512e-05 7.956793e+06 2.074959e+12 
56 6.929512e-05 8.319829e+06 2.076019e+12 
57 7.229512e-05 8.676198e+06 2.073841e+12 
58 7.529512e-05 9.020203e+06 2.075748e+12 
59 7.829512e-05 9.379372e+06 2.077835e+12 
60 8.129512e-05 9.722521e+06 2.076746e+12 
61 8.429512e-05 1.004910e+07 2.079013e+12 
62 8.729512e-05 1.038458e+07 2.081887e+12 
63 9.029512e-05 1.070775e+07 2.085722e+12 
64 9.329512e-05 1.105024e+07 2.090790e+12 
65 9.629512e-05 1.139274e+07 2.092903e+12 
66 9.929512e-05 1.175279e+07 2.091804e+12 
67 1.022951e-04 1.207836e+07 2.096771e+12 
68 1.052951e-04 1.243552e+07 2.097654e+12 
69 1.082951e-04 1.277830e+07 2.100423e+12 
70 1.112951e-04 1.313207e+07 2.100555e+12 
71 1.142951e-04 1.346880e+07 2.102722e+12 
72 1.172951e-04 1.381124e+07 2.106716e+12 
73 1.202951e-04 1.416085e+07 2.107400e+12 
74 1.232951e-04 1.450728e+07 2.109188e+12 
75 1.262951e-04 1.485070e+07 2.114943e+12 
76 1.292951e-04 1.520014e+07 2.117770e+12 
77 1.322951e-04 1.553463e+07 2.113352e+12 
78 1.352951e-04 1.588072e+07 2.114926e+12 
79 1.382951e-04 1.622232e+07 2.119015e+12 
80 1.412951e-04 1.657718e+07 2.125982e+12 
81 1.442951e-04 1.691440e+07 2.126703e+12 
82 1.472951e-04 1.726656e+07 2.126300e+12 
83 1.502951e-04 1.759662e+07 2.132308e+12 
84 1.532951e-04 1.794684e+07 2.135346e+12 
85 1.562951e-04 1.827771e+07 2.137585e+12 
86 1.592951e-04 1.861299e+07 2.139559e+12 
87 1.622951e-04 1.894615e+07 2.143880e+12 
88 1.652951e-04 1.925643e+07 2.145031e+12 
89 1.682951e-04 1.957962e+07 2.150648e+12 
90 1.712951e-04 1.991430e+07 2.155788e+12 
91 1.742951e-04 2.023263e+07 2.158968e+12 
92 1.772951e-04 2.053088e+07 2.161981e+12 
93 1.802951e-04 2.085292e+07 2.162491e+12 
94 1.832951e-04 2.118271e+07 2.164443e+12 
95 1.862951e-04 2.151273e+07 2.167927e+12 
96 1.892951e-04 2.184877e+07 2.167587e+12 
97 1.922951e-04 2.218189e+07 2.172057e+12 
98 1.952951e-04 2.252073e+07 2.173892e+12 
99 1.982951e-04 2.283729e+07 2.177463e+12 
100 2.012951e-04 2.316655e+07 2.183389e+12 
101 2.042951e-04 2.347720e+07 2.190080e+12 
102 2.072951e-04 2.378553e+07 2.191892e+12 
103 2.102951e-04 2.409252e+07 2.197023e+12 
104 2.132951e-04 2.440801e+07 2.206418e+12 
105 2.162951e-04 2.471849e+07 2.207810e+12 
106 2.192951e-04 2.503704e+07 2.205535e+12 
107 2.222951e-04 2.537688e+07 2.217310e+12 
108 2.252951e-04 2.570167e+07 2.218808e+12 
109 2.282951e-04 2.600813e+07 2.224392e+12 
110 2.312951e-04 2.627956e+07 2.229412e+12 
111 2.342951e-04 2.658132e+07 2.236331e+12 
112 2.372951e-04 2.688559e+07 2.246660e+12 
113 2.402951e-04 2.719164e+07 2.252743e+12 
114 2.432951e-04 2.749146e+07 2.259574e+12 
115 2.462951e-04 2.778721e+07 2.266543e+12 
116 2.492951e-04 2.806605e+07 2.276545e+12 
117 2.522951e-04 2.833140e+07 2.283299e+12 
118 2.552951e-04 2.862240e+07 2.283358e+12 
119 2.582951e-04 2.888552e+07 2.294218e+12 
120 2.612951e-04 2.917925e+07 2.302037e+12 
121 2.642951e-04 2.945534e+07 2.305191e+12 
122 2.672951e-04 2.970388e+07 2.315908e+12 
123 2.702951e-04 2.997204e+07 2.323264e+12 
124 2.732951e-04 3.025828e+07 2.333100e+12 
125 2.762951e-04 3.053093e+07 2.340307e+12 
126 2.792951e-04 3.079220e+07 2.355352e+12 
127 2.822951e-04 3.109232e+07 2.360696e+12 
128 2.852951e-04 3.136267e+07 2.375669e+12 
129 2.882951e-04 3.162786e+07 2.383890e+12 
130 2.912951e-04 3.189288e+07 2.399550e+12 
131 2.942951e-04 3.217650e+07 2.410355e+12 
132 2.972951e-04 3.244845e+07 2.418729e+12 
133 3.002951e-04 3.267741e+07 2.432267e+12 
134 3.032951e-04 3.293354e+07 2.443895e+12 
135 3.062951e-04 3.315251e+07 2.454006e+12 
136 3.092951e-04 3.341660e+07 2.466946e+12 
137 3.122951e-04 3.364331e+07 2.480692e+12 
138 3.152951e-04 3.389255e+07 2.500597e+12 
139 3.182951e-04 3.412362e+07 2.511021e+12 
140 3.212951e-04 3.436760e+07 2.527653e+12 
141 3.242951e-04 3.460834e+07 2.553002e+12 
142 3.272951e-04 3.482185e+07 2.561316e+12 
143 3.302951e-04 3.502134e+07 2.577026e+12 
144 3.332951e-04 3.522892e+07 2.594737e+12 
145 3.362951e-04 3.543314e+07 2.610203e+12 
146 3.392951e-04 3.566365e+07 2.630181e+12 
147 3.422951e-04 3.587885e+07 2.644776e+12 
148 3.452951e-04 3.611366e+07 2.665623e+12 
149 3.482951e-04 3.632379e+07 2.683134e+12 
150 3.512951e-04 3.655575e+07 2.701861e+12 
151 3.542951e-04 3.676941e+07 2.718371e+12 
152 3.572951e-04 3.699030e+07 2.735243e+12 
153 3.602951e-04 3.716885e+07 2.757181e+12 
154 3.632951e-04 3.736743e+07 2.775982e+12 
155 3.662951e-04 3.755888e+07 2.800738e+12 
156 3.692951e-04 3.779071e+07 2.819095e+12 
157 3.722951e-04 3.799225e+07 2.842305e+12 
158 3.752951e-04 3.820883e+07 2.856259e+12 
159 3.782951e-04 3.839144e+07 2.875711e+12 
160 3.812951e-04 3.860538e+07 2.896541e+12 
161 3.842951e-04 3.882688e+07 2.915735e+12 
162 3.872951e-04 3.905127e+07 2.918253e+12 
163 3.902951e-04 3.924035e+07 2.937801e+12 
164 3.932951e-04 3.945627e+07 2.953053e+12 
165 3.962951e-04 3.968782e+07 2.963781e+12 
166 3.992951e-04 3.991445e+07 2.978854e+12 
167 4.022951e-04 4.011712e+07 2.999183e+12 
168 4.052951e-04 4.034688e+07 3.011751e+12 
169 4.082951e-04 4.053853e+07 3.026049e+12 
170 4.112951e-04 4.075481e+07 3.046563e+12 
171 4.142951e-04 4.095534e+07 3.064687e+12 
172 4.172951e-04 4.115512e+07 3.087022e+12 
173 4.202951e-04 4.134299e+07 3.107188e+12 
174 4.232951e-04 4.154989e+07 3.128049e+12 
175 4.262951e-04 4.173711e+07 3.149147e+12 
176 4.292951e-04 4.191908e+07 3.173901e+12 
177 4.322951e-04 4.212575e+07 3.192526e+12 
178 4.352951e-04 4.234479e+07 3.212850e+12 
179 4.382951e-04 4.253778e+07 3.234311e+12 
180 4.412951e-04 4.276628e+07 3.254958e+12 
181 4.442951e-04 4.296457e+07 3.274144e+12 
182 4.472951e-04 4.317543e+07 3.292589e+12 
183 4.502951e-04 4.337216e+07 3.312566e+12 
184 4.532951e-04 4.361545e+07 3.329588e+12 
185 4.562951e-04 4.384214e+07 3.390158e+12 
186 4.592951e-04 4.405960e+07 3.394386e+12 
187 4.622951e-04 4.426033e+07 3.403284e+12 
188 4.652951e-04 4.448340e+07 3.407213e+12 
189 4.682951e-04 4.467983e+07 3.424042e+12 
190 4.712951e-04 4.490891e+07 3.442954e+12 
191 4.742951e-04 4.506431e+07 3.463981e+12 
192 4.772951e-04 4.527677e+07 3.486671e+12 
193 4.802951e-04 4.546082e+07 3.508576e+12 
194 4.832951e-04 4.570312e+07 3.524070e+12 
195 4.862951e-04 4.590606e+07 3.542074e+12 
196 4.892951e-04 4.614928e+07 3.559192e+12 
197 4.922951e-04 4.634208e+07 3.575544e+12 
198 4.952951e-04 4.657050e+07 3.591502e+12 
199 4.982951e-04 4.674573e+07 3.614490e+12 
200 5.012951e-04 4.696742e+07 3.633500e+12 
201 5.042951e-04 4.715468e+07 3.651807e+12 
202 5.072951e-04 4.736105e+07 3.673582e+12 
203 5.102951e-04 4.755044e+07 3.696353e+12 
204 5.132951e-04 4.777113e+07 3.715137e+12 
205 5.162951e-04 4.795258e+07 3.735772e+12 
206 5.192951e-04 4.814723e+07 3.755285e+12 
207 5.222951e-04 4.835411e+07 3.773688e+12 
208 5.252951e-04 4.857125e+07 3.793468e+12 
209 5.282951e-04 4.877036e+07 3.813954e+12 
210 5.312951e-04 4.898074e+07 3.834133e+12 
211 5.342951e-04 4.918379e+07 3.857500e+12 
212 5.372951e-04 4.940840e+07 3.875231e+12 
213 5.402951e-04 4.960426e+07 3.897399e+12 
214 5.432951e-04 4.980600e+07 3.911410e+12 
215 5.462951e-04 4.997142e+07 3.934725e+12 
216 5.492951e-04 5.019884e+07 3.956533e+12 
217 5.522951e-04 5.038773e+07 3.980719e+12 
218 5.552951e-04 5.059086e+07 4.004874e+12 
219 5.582951e-04 5.079795e+07 4.027324e+12 
220 5.612951e-04 5.100126e+07 4.054657e+12 
221 5.642951e-04 5.120468e+07 4.073935e+12 
222 5.672951e-04 5.140364e+07 4.088343e+12 
223 5.702951e-04 5.156629e+07 4.111407e+12 
224 5.732951e-04 5.175395e+07 4.134743e+12 
225 5.762951e-04 5.193414e+07 4.160009e+12 
226 5.792951e-04 5.210519e+07 4.188396e+12 
227 5.822951e-04 5.227845e+07 4.208561e+12 
228 5.852951e-04 5.245252e+07 4.238720e+12 
229 5.882951e-04 5.260051e+07 4.265925e+12 
230 5.912951e-04 5.276648e+07 4.293765e+12 
231 5.942951e-04 5.291574e+07 4.319433e+12 
232 5.972951e-04 5.307212e+07 4.342033e+12 
233 6.002951e-04 5.320342e+07 4.374214e+12 
234 6.032951e-04 5.335765e+07 4.393399e+12 
235 6.062951e-04 5.349351e+07 4.421703e+12 
236 6.092951e-04 5.361622e+07 4.445005e+12 
237 6.122951e-04 5.369734e+07 4.481296e+12 
238 6.152951e-04 5.380879e+07 4.514271e+12 
239 6.182951e-04 5.390000e+07 4.549829e+12 
240 6.212951e-04 5.402411e+07 4.581734e+12 
241 6.242951e-04 5.411351e+07 4.617404e+12 
242 6.272951e-04 5.421340e+07 4.650875e+12 
243 6.302951e-04 5.431823e+07 4.686476e+12 
244 6.332951e-04 5.444456e+07 4.717958e+12 
245 6.362951e-04 5.455952e+07 4.750421e+12 
246 6.392951e-04 5.467893e+07 4.783168e+12 
247 6.422951e-04 5.478552e+07 4.817875e+12 
248 6.452951e-04 5.492214e+07 4.847899e+12 
249 6.482951e-04 5.504554e+07 4.878468e+12 
250 6.512951e-04 5.517178e+07 4.910475e+12 
251 6.542951e-04 5.527646e+07 4.881737e+12 
252 6.572951e-04 5.538678e+07 4.887446e+12 
253 6.602951e-04 5.548787e+07 4.896898e+12 
254 6.632951e-04 5.559091e+07 4.924496e+12 
255 6.662951e-04 5.567886e+07 4.958853e+12 
256 6.692951e-04 5.578189e+07 4.995075e+12 
257 6.722951e-04 5.585863e+07 5.035559e+12 
258 6.752951e-04 5.593499e+07 5.076439e+12 
259 6.782951e-04 5.605851e+07 5.105904e+12 
260 6.812951e-04 5.617453e+07 5.138697e+12 
261 6.842951e-04 5.629764e+07 5.170066e+12 
262 6.872951e-04 5.643481e+07 5.203377e+12 
263 6.902951e-04 5.656579e+07 5.232793e+12 
264 6.932951e-04 5.669713e+07 5.263269e+12 
265 6.962951e-04 5.683947e+07 5.291281e+12 
266 6.992951e-04 5.699333e+07 5.322497e+12 
267 7.022951e-04 5.712985e+07 5.353535e+12 
268 7.052951e-04 5.726300e+07 5.385053e+12 
269 7.082951e-04 5.738031e+07 5.408966e+12 
270 7.112951e-04 5.747473e+07 5.444468e+12 
271 7.142951e-04 5.756710e+07 5.482747e+12 
272 7.172951e-04 5.770016e+07 5.515714e+12 
273 7.202951e-04 5.781494e+07 5.551831e+12 
274 7.232951e-04 5.790148e+07 5.538764e+12 
275 7.262951e-04 5.799109e+07 5.571801e+12 
276 7.292951e-04 5.806734e+07 5.612039e+12 
277 7.322951e-04 5.814468e+07 5.644798e+12 
278 7.352951e-04 5.824221e+07 5.677518e+12 
279 7.382951e-04 5.835792e+07 5.710043e+12 
280 7.412951e-04 5.844942e+07 5.742833e+12 
281 7.442951e-04 5.856778e+07 5.776162e+12 
282 7.472951e-04 5.870261e+07 5.805034e+12 
283 7.502951e-04 5.884499e+07 5.831938e+12 
284 7.532951e-04 5.895872e+07 5.862961e+12 
285 7.562951e-04 5.911185e+07 5.894780e+12 
286 7.592951e-04 5.923454e+07 5.925117e+12 
287 7.622951e-04 5.935360e+07 5.957524e+12 
288 7.652951e-04 5.950365e+07 5.988282e+12 
289 7.682951e-04 5.962775e+07 6.021367e+12 
290 7.712951e-04 5.977060e+07 6.049533e+12 
291 7.742951e-04 5.990455e+07 6.080380e+12 
292 7.772951e-04 6.004856e+07 6.111717e+12 
293 7.802951e-04 6.017937e+07 6.146433e+12 
294 7.832951e-04 6.028715e+07 6.183186e+12 
295 7.862951e-04 6.040526e+07 6.216507e+12 
296 7.892951e-04 6.051688e+07 6.247439e+12 
297 7.922951e-04 6.062747e+07 6.284696e+12 
298 7.952951e-04 6.074560e+07 6.316711e+12 
299 7.982951e-04 6.083362e+07 6.352454e+12 
300 8.012951e-04 6.091140e+07 6.391050e+12 
301 8.042951e-04 6.098655e+07 6.427911e+12 
302 8.072951e-04 6.107372e+07 6.465575e+12 
303 8.102951e-04 6.116374e+07 6.503058e+12 
304 8.132951e-04 6.122252e+07 6.546919e+12 
305 8.162951e-04 6.131828e+07 6.584529e+12 
306 8.192951e-04 6.138588e+07 6.609529e+12 
307 8.222951e-04 6.142710e+07 6.644346e+12 
308 8.252951e-04 6.143723e+07 6.689962e+12 
309 8.282951e-04 6.148315e+07 6.729723e+12 
310 8.312951e-04 6.151808e+07 6.773458e+12 
311 8.342951e-04 6.155495e+07 6.815727e+12 
312 8.372951e-04 6.159150e+07 6.858458e+12 
313 8.402951e-04 6.163848e+07 6.900619e+12 
314 8.432951e-04 6.170330e+07 6.940461e+12 
315 8.462951e-04 6.175340e+07 6.982250e+12 
316 8.492951e-04 6.178294e+07 7.031856e+12 
317 8.522951e-04 6.182250e+07 7.071758e+12 
318 8.552951e-04 6.188620e+07 7.085319e+12 
319 8.582951e-04 6.193627e+07 7.111352e+12 
320 8.612951e-04 6.200371e+07 7.142811e+12 
321 8.642951e-04 6.208752e+07 7.196489e+12 
322 8.672951e-04 6.216465e+07 7.220366e+12 
323 8.702951e-04 6.221336e+07 7.251809e+12 
324 8.732951e-04 6.228392e+07 7.272472e+12 
325 8.762951e-04 6.234789e+07 7.309516e+12 
326 8.792951e-04 6.242965e+07 7.344985e+12 
327 8.822951e-04 6.253096e+07 7.365672e+12 
328 8.852951e-04 6.263516e+07 7.395702e+12 
329 8.882951e-04 6.274493e+07 7.422578e+12 
330 8.912951e-04 6.282254e+07 7.461776e+12 
331 8.942951e-04 6.292343e+07 7.496409e+12 
332 8.972951e-04 6.302584e+07 7.525840e+12 
333 9.002951e-04 6.313011e+07 7.556522e+12 
334 9.032951e-04 6.322738e+07 7.588288e+12 
335 9.062951e-04 6.332579e+07 7.620809e+12 
336 9.092951e-04 6.342427e+07 7.653539e+12 
337 9.122951e-04 6.350245e+07 7.688172e+12 
338 9.152951e-04 6.359252e+07 7.724184e+12 
339 9.182951e-04 6.370029e+07 7.755810e+12 
340 9.212951e-04 6.380633e+07 7.790328e+12 
341 9.242951e-04 6.391778e+07 7.820729e+12 
342 9.272951e-04 6.400943e+07 7.861159e+12 
343 9.302951e-04 6.412700e+07 7.895728e+12 
344 9.332951e-04 6.421751e+07 7.933923e+12 
345 9.362951e-04 6.431654e+07 7.972725e+12 
346 9.392951e-04 6.441062e+07 8.005480e+12 
347 9.422951e-04 6.445502e+07 8.003863e+12 
348 9.452951e-04 6.452589e+07 8.035112e+12 
349 9.482951e-04 6.458494e+07 8.069269e+12 
350 9.512951e-04 6.464944e+07 8.103184e+12 
351 9.542951e-04 6.473004e+07 8.142201e+12 
352 9.572951e-04 6.481577e+07 8.165009e+12 
353 9.602951e-04 6.489432e+07 8.197180e+12 
354 9.632951e-04 6.497640e+07 8.230329e+12 
355 9.662951e-04 6.505941e+07 8.263693e+12 
356 9.692951e-04 6.513424e+07 8.300051e+12 
357 9.722951e-04 6.521797e+07 8.336492e+12 
358 9.752951e-04 6.531431e+07 8.372851e+12 
359 9.782951e-04 6.540654e+07 8.407000e+12 
360 9.812951e-04 6.549418e+07 8.443574e+12 
361 9.842951e-04 6.558843e+07 8.475552e+12 
362 9.872951e-04 6.570240e+07 8.512966e+12 
363 9.902951e-04 6.582720e+07 8.535199e+12 
364 9.932951e-04 6.591965e+07 8.566831e+12 
365 9.962951e-04 6.602337e+07 8.599662e+12 
366 9.992951e-04 6.613967e+07 8.630049e+12 
367 1.002295e-03 6.626497e+07 8.659235e+12 
368 1.005295e-03 6.638946e+07 8.690667e+12 
369 1.008295e-03 6.653011e+07 8.720242e+12 
370 1.011295e-03 6.665350e+07 8.753194e+12 
371 1.014295e-03 6.680805e+07 8.779913e+12 
372 1.017295e-03 6.694235e+07 8.807719e+12 
373 1.020295e-03 6.706631e+07 8.834340e+12 
374 1.023295e-03 6.717928e+07 8.867697e+12 
375 1.026295e-03 6.728912e+07 8.902312e+12 
376 1.029295e-03 6.739390e+07 8.937378e+12 
377 1.032295e-03 6.751686e+07 8.967332e+12 
378 1.035295e-03 6.763418e+07 9.000427e+12 
379 1.038295e-03 6.775526e+07 9.030925e+12 
380 1.041295e-03 6.786285e+07 9.059927e+12 
381 1.044295e-03 6.797235e+07 9.094491e+12 
382 1.047295e-03 6.807071e+07 9.133294e+12 
383 1.050295e-03 6.819651e+07 9.169228e+12 
384 1.053295e-03 6.831610e+07 9.209487e+12 
385 1.056295e-03 6.843598e+07 9.207958e+12 
386 1.059295e-03 6.857526e+07 9.239222e+12 
387 1.062295e-03 6.871264e+07 9.228931e+12 
388 1.065295e-03 6.883184e+07 9.254507e+12 
389 1.068295e-03 6.894651e+07 9.283633e+12 
390 1.071295e-03 6.906113e+07 9.314870e+12 
391 1.074295e-03 6.917567e+07 9.345634e+12 
392 1.077295e-03 6.929163e+07 9.377991e+12 
393 1.080295e-03 6.939786e+07 9.409844e+12 
394 1.083295e-03 6.951496e+07 9.439192e+12 
395 1.086295e-03 6.964400e+07 9.471383e+12 
396 1.089295e-03 6.975361e+07 9.507742e+12 
397 1.092295e-03 6.987263e+07 9.538592e+12 
398 1.095295e-03 6.997164e+07 9.574121e+12 
399 1.098295e-03 7.004452e+07 9.594726e+12 
400 1.101295e-03 7.013153e+07 9.630785e+12 
401 1.104295e-03 7.022906e+07 9.619242e+12 
402 1.107295e-03 7.031483e+07 9.645917e+12 
403 1.110295e-03 7.040477e+07 9.611361e+12 
404 1.113295e-03 7.047194e+07 9.639672e+12 
405 1.116295e-03 7.054172e+07 9.669654e+12 
406 1.119295e-03 7.060127e+07 9.652055e+12 
407 1.122295e-03 7.065347e+07 9.672821e+12 
408 1.125295e-03 7.071044e+07 9.695377e+12 
409 1.128295e-03 7.079753e+07 9.719038e+12 
410 1.131295e-03 7.086469e+07 9.744581e+12 
411 1.134295e-03 7.093547e+07 9.762718e+12 
412 1.137295e-03 7.097932e+07 9.790988e+12 
413 1.140295e-03 7.103363e+07 9.773345e+12 
414 1.143295e-03 7.108578e+07 9.735061e+12 
415 1.146295e-03 7.116739e+07 9.744568e+12 
416 1.149295e-03 7.122911e+07 9.763640e+12 
417 1.152295e-03 7.130354e+07 9.779889e+12 
418 1.155295e-03 7.138200e+07 9.802553e+12 
419 1.158295e-03 7.145746e+07 9.826607e+12 
420 1.161295e-03 7.154595e+07 9.848951e+12 
421 1.164295e-03 7.163127e+07 9.874731e+12 
422 1.167295e-03 7.171148e+07 9.899432e+12 
423 1.170295e-03 7.181423e+07 9.918312e+12 
424 1.173295e-03 7.191333e+07 9.939129e+12 
425 1.176295e-03 7.201644e+07 9.963702e+12 
426 1.179295e-03 7.212200e+07 9.990620e+12 
427 1.182295e-03 7.222479e+07 1.001480e+13 
428 1.185295e-03 7.233267e+07 1.004378e+13 
429 1.188295e-03 7.244564e+07 1.007239e+13 
430 1.191295e-03 7.255914e+07 1.010254e+13 
431 1.194295e-03 7.269588e+07 1.012755e+13 
432 1.197295e-03 7.282403e+07 1.015595e+13 
433 1.200295e-03 7.296165e+07 1.018216e+13 
434 1.203295e-03 7.309721e+07 1.021009e+13 
435 1.206295e-03 7.324557e+07 1.023712e+13 
436 1.209295e-03 7.339881e+07 1.026277e+13 
437 1.212295e-03 7.353720e+07 1.028883e+13 
438 1.215295e-03 7.366401e+07 1.032158e+13 
439 1.218295e-03 7.377492e+07 1.035475e+13 
440 1.221295e-03 7.388027e+07 1.039021e+13 
441 1.224295e-03 7.401714e+07 1.042036e+13 
442 1.227295e-03 7.413054e+07 1.044553e+13 
443 1.230295e-03 7.425646e+07 1.047599e+13 
444 1.233295e-03 7.438507e+07 1.050733e+13 
445 1.236295e-03 7.452410e+07 1.053586e+13 
446 1.239295e-03 7.467874e+07 1.056341e+13 
447 1.242295e-03 7.482516e+07 1.059312e+13 
448 1.245295e-03 7.495596e+07 1.062518e+13 
449 1.248295e-03 7.509693e+07 1.065681e+13 
450 1.251295e-03 7.524672e+07 1.068637e+13 
451 1.254295e-03 7.540929e+07 1.071321e+13 
452 1.257295e-03 7.555852e+07 1.074287e+13 
453 1.260295e-03 7.571560e+07 1.076950e+13 
454 1.263295e-03 7.587027e+07 1.079764e+13 
455 1.266295e-03 7.601593e+07 1.082866e+13 
456 1.269295e-03 7.616700e+07 1.085765e+13 
457 1.272295e-03 7.631938e+07 1.088709e+13 
458 1.275295e-03 7.649113e+07 1.091082e+13 
459 1.278295e-03 7.666188e+07 1.093660e+13 
460 1.281295e-03 7.682391e+07 1.096515e+13 
461 1.284295e-03 7.698447e+07 1.099548e+13 
462 1.287295e-03 7.715477e+07 1.102125e+13 
463 1.290295e-03 7.730702e+07 1.105430e+13 
464 1.293295e-03 7.745332e+07 1.108616e+13 
465 1.296295e-03 7.758782e+07 1.109761e+13 
466 1.299295e-03 7.773664e+07 1.112136e+13 
467 1.302295e-03 7.786433e+07 1.114848e+13 
468 1.305295e-03 7.800400e+07 1.117758e+13 
469 1.308295e-03 7.814993e+07 1.120521e+13 
470 1.311295e-03 7.827234e+07 1.123578e+13 
471 1.314295e-03 7.842459e+07 1.126182e+13 
472 1.317295e-03 7.855934e+07 1.129340e+13 
473 1.320295e-03 7.870133e+07 1.131142e+13 
474 1.323295e-03 7.882869e+07 1.133663e+13 
475 1.326295e-03 7.895550e+07 1.136628e+13 
476 1.329295e-03 7.904594e+07 1.140101e+13 
477 1.332295e-03 7.917452e+07 1.142899e+13 
478 1.335295e-03 7.929602e+07 1.146027e+13 
479 1.338295e-03 7.943672e+07 1.148587e+13 
480 1.341295e-03 7.955773e+07 1.151901e+13 
481 1.344295e-03 7.968846e+07 1.154917e+13 
482 1.347295e-03 7.981141e+07 1.158347e+13 
483 1.350295e-03 7.994767e+07 1.161502e+13 
484 1.353295e-03 8.008350e+07 1.164822e+13 
485 1.356295e-03 8.022579e+07 1.168056e+13 
486 1.359295e-03 8.036279e+07 1.171056e+13 
487 1.362295e-03 8.046797e+07 1.174957e+13 
488 1.365295e-03 8.055742e+07 1.178840e+13 
489 1.368295e-03 8.063890e+07 1.183226e+13 
490 1.371295e-03 8.071928e+07 1.187391e+13 
491 1.374295e-03 8.079756e+07 1.192044e+13 
492 1.377295e-03 8.085940e+07 1.193482e+13 
493 1.380295e-03 8.091061e+07 1.197094e+13 
494 1.383295e-03 8.096114e+07 1.198516e+13 
495 1.386295e-03 8.098835e+07 1.200029e+13 
496 1.389295e-03 8.101691e+07 1.204759e+13 
497 1.392295e-03 8.105790e+07 1.209267e+13 
498 1.395295e-03 8.111499e+07 1.208638e+13 
499 1.398295e-03 8.113986e+07 1.212365e+13 
500 1.401295e-03 8.118424e+07 1.216345e+13 
501 1.404295e-03 8.123987e+07 1.211980e+13 
502 1.407295e-03 8.128824e+07 1.215407e+13 
503 1.410295e-03 8.131700e+07 1.220221e+13 
504 1.413295e-03 8.133499e+07 1.224917e+13 
505 1.416295e-03 8.137084e+07 1.222820e+13 
506 1.419295e-03 8.140744e+07 1.222604e+13 
507 1.422295e-03 8.144094e+07 1.221586e+13 
508 1.425295e-03 8.145652e+07 1.214224e+13 
509 1.428295e-03 8.151291e+07 1.209034e+13 
510 1.431295e-03 8.152990e+07 1.210216e+13 
511 1.434295e-03 8.155066e+07 1.210564e+13 
512 1.437295e-03 8.156656e+07 1.213872e+13 
513 1.440295e-03 8.159289e+07 1.214223e+13 
514 1.443295e-03 8.162322e+07 1.217127e+13 
515 1.446295e-03 8.165896e+07 1.218806e+13 
516 1.449295e-03 8.169427e+07 1.220747e+13 
517 1.452295e-03 8.174063e+07 1.223401e+13 
518 1.455295e-03 8.179432e+07 1.226979e+13 
519 1.458295e-03 8.184260e+07 1.231497e+13 
520 1.461295e-03 8.191203e+07 1.235084e+13 
521 1.464295e-03 8.198323e+07 1.237943e+13 
522 1.467295e-03 8.204887e+07 1.241579e+13 
523 1.470295e-03 8.204449e+07 1.245808e+13 
524 1.473295e-03 8.204907e+07 1.245515e+13 
525 1.476295e-03 8.208673e+07 1.250655e+13 
526 1.479295e-03 8.212824e+07 1.253887e+13 
527 1.482295e-03 8.216608e+07 1.258021e+13 
528 1.485295e-03 8.219121e+07 1.257382e+13 
529 1.488295e-03 8.220649e+07 1.262052e+13 
530 1.491295e-03 8.221206e+07 1.259729e+13 
531 1.494295e-03 8.214761e+07 1.255929e+13 
532 1.497295e-03 8.208706e+07 1.260712e+13 
533 1.500295e-03 8.201970e+07 1.265539e+13 
534 1.503295e-03 8.195029e+07 1.268660e+13 
535 1.506295e-03 8.187548e+07 1.273337e+13 
536 1.509295e-03 8.179664e+07 1.278144e+13 
537 1.512295e-03 8.173640e+07 1.283541e+13 
538 1.515295e-03 8.164332e+07 1.290041e+13 
539 1.518295e-03 8.158428e+07 1.292780e+13 
540 1.521295e-03 8.152861e+07 1.297313e+13 
541 1.524295e-03 8.150396e+07 1.299417e+13 
542 1.527295e-03 8.149325e+07 1.303574e+13 
543 1.530295e-03 8.150322e+07 1.308047e+13 
544 1.533295e-03 8.152186e+07 1.312537e+13 
545 1.536295e-03 8.155232e+07 1.313947e+13 
546 1.539295e-03 8.159270e+07 1.317671e+13 
547 1.542295e-03 8.161785e+07 1.321075e+13 
548 1.545295e-03 8.165532e+07 1.324740e+13 
549 1.548295e-03 8.171071e+07 1.328337e+13 
550 1.551295e-03 8.177475e+07 1.331862e+13 
551 1.554295e-03 8.183950e+07 1.333718e+13 
552 1.557295e-03 8.191870e+07 1.336659e+13 
553 1.560295e-03 8.195743e+07 1.339764e+13 
554 1.563295e-03 8.199932e+07 1.343679e+13 
555 1.566295e-03 8.204487e+07 1.347018e+13 
556 1.569295e-03 8.208933e+07 1.350570e+13 
557 1.572295e-03 8.214237e+07 1.354805e+13 
558 1.575295e-03 8.217835e+07 1.354094e+13 
559 1.578295e-03 8.224636e+07 1.357329e+13 
560 1.581295e-03 8.229664e+07 1.361229e+13 
561 1.584295e-03 8.236753e+07 1.365096e+13 
562 1.587295e-03 8.240178e+07 1.369708e+13 
563 1.590295e-03 8.244645e+07 1.374438e+13 
564 1.593295e-03 8.248929e+07 1.371564e+13 
565 1.596295e-03 8.253848e+07 1.375454e+13 
566 1.599295e-03 8.256259e+07 1.379718e+13 
567 1.602295e-03 8.261603e+07 1.383958e+13 
568 1.605295e-03 8.267675e+07 1.387982e+13 
569 1.608295e-03 8.274409e+07 1.391995e+13 
570 1.611295e-03 8.281026e+07 1.393162e+13 
571 1.614295e-03 8.287580e+07 1.397155e+13 
572 1.617295e-03 8.294724e+07 1.400578e+13 
573 1.620295e-03 8.303873e+07 1.403792e+13 
574 1.623295e-03 8.310421e+07 1.407555e+13 
575 1.626295e-03 8.316022e+07 1.411928e+13 
576 1.629295e-03 8.322240e+07 1.416412e+13 
577 1.632295e-03 8.329858e+07 1.417876e+13 
578 1.635295e-03 8.336861e+07 1.421552e+13 
579 1.638295e-03 8.343148e+07 1.423204e+13 
580 1.641295e-03 8.347388e+07 1.426850e+13 
581 1.644295e-03 8.352124e+07 1.430519e+13 
582 1.647295e-03 8.355395e+07 1.434287e+13 
583 1.650295e-03 8.359544e+07 1.438187e+13 
584 1.653295e-03 8.361844e+07 1.442769e+13 
585 1.656295e-03 8.366135e+07 1.446580e+13 
586 1.659295e-03 8.370839e+07 1.450221e+13 
587 1.662295e-03 8.377182e+07 1.453765e+13 
588 1.665295e-03 8.381708e+07 1.457748e+13 
589 1.668295e-03 8.385733e+07 1.461407e+13 
590 1.671295e-03 8.389568e+07 1.465567e+13 
591 1.674295e-03 8.389806e+07 1.470092e+13 
592 1.677295e-03 8.392145e+07 1.474309e+13 
593 1.680295e-03 8.392801e+07 1.478912e+13 
594 1.683295e-03 8.393949e+07 1.483561e+13 
595 1.686295e-03 8.393572e+07 1.487980e+13 
596 1.689295e-03 8.395156e+07 1.492208e+13 
597 1.692295e-03 8.396152e+07 1.497318e+13 
598 1.695295e-03 8.397481e+07 1.501870e+13 
599 1.698295e-03 8.399444e+07 1.506337e+13 
600 1.701295e-03 8.398380e+07 1.509532e+13 
601 1.704295e-03 8.396965e+07 1.514940e+13 
602 1.707295e-03 8.397727e+07 1.518904e+13 
603 1.710295e-03 8.396481e+07 1.523054e+13 
604 1.713295e-03 8.394773e+07 1.528477e+13 
605 1.716295e-03 8.393367e+07 1.531686e+13 
606 1.719295e-03 8.391835e+07 1.536764e+13 
607 1.722295e-03 8.386341e+07 1.543292e+13 
608 1.725295e-03 8.384192e+07 1.548965e+13 
609 1.728295e-03 8.379324e+07 1.555167e+13 
610 1.731295e-03 8.376066e+07 1.554317e+13 
611 1.734295e-03 8.368766e+07 1.558800e+13 
612 1.737295e-03 8.364021e+07 1.563808e+13 
613 1.740295e-03 8.355719e+07 1.567498e+13 
614 1.743295e-03 8.346182e+07 1.565043e+13 
615 1.746295e-03 8.335632e+07 1.555942e+13 
616 1.749295e-03 8.323150e+07 1.554296e+13 
617 1.752295e-03 8.308060e+07 1.555755e+13 
618 1.755295e-03 8.292566e+07 1.552540e+13 
619 1.758295e-03 8.279272e+07 1.551858e+13 
620 1.761295e-03 8.269103e+07 1.554372e+13 
621 1.764295e-03 8.257974e+07 1.557377e+13 
622 1.767295e-03 8.245594e+07 1.559410e+13 
623 1.770295e-03 8.233214e+07 1.563880e+13 
624 1.773295e-03 8.219978e+07 1.569596e+13 
625 1.776295e-03 8.210423e+07 1.573637e+13 
626 1.779295e-03 8.201326e+07 1.577255e+13 
627 1.782295e-03 8.192196e+07 1.582295e+13 
628 1.785295e-03 8.181450e+07 1.586726e+13 
629 1.788295e-03 8.170250e+07 1.592656e+13 
630 1.791295e-03 8.157888e+07 1.594586e+13 
631 1.794295e-03 8.146249e+07 1.599652e+13 
632 1.797295e-03 8.130607e+07 1.600089e+13 
633 1.800295e-03 8.115434e+07 1.603449e+13 
634 1.803295e-03 8.102608e+07 1.606251e+13 
635 1.806295e-03 8.088685e+07 1.610143e+13 
636 1.809295e-03 8.073826e+07 1.615098e+13 
637 1.812295e-03 8.061977e+07 1.620290e+13 
638 1.815295e-03 8.048609e+07 1.623269e+13 
639 1.818295e-03 8.036351e+07 1.624383e+13 
640 1.821295e-03 8.023178e+07 1.628464e+13 
641 1.824295e-03 8.010330e+07 1.627647e+13 
642 1.827295e-03 7.999960e+07 1.631190e+13 
643 1.830295e-03 7.990207e+07 1.636009e+13 
644 1.833295e-03 7.981633e+07 1.638136e+13 
645 1.836295e-03 7.971633e+07 1.640025e+13 
646 1.839295e-03 7.961401e+07 1.641484e+13 
647 1.842295e-03 7.950274e+07 1.639447e+13 
648 1.845295e-03 7.938844e+07 1.639871e+13 
649 1.848295e-03 7.928084e+07 1.642088e+13 
650 1.851295e-03 7.917140e+07 1.645626e+13 
651 1.854295e-03 7.907662e+07 1.648661e+13 
652 1.857295e-03 7.899413e+07 1.651514e+13 
653 1.860295e-03 7.893142e+07 1.646143e+13 
654 1.863295e-03 7.885919e+07 1.648697e+13 
655 1.866295e-03 7.880567e+07 1.652079e+13 
656 1.869295e-03 7.876059e+07 1.655891e+13 
657 1.872295e-03 7.871931e+07 1.658989e+13 
658 1.875295e-03 7.865628e+07 1.662022e+13 
659 1.878295e-03 7.859227e+07 1.666338e+13 
660 1.881295e-03 7.851978e+07 1.665065e+13 
661 1.884295e-03 7.844497e+07 1.667138e+13 
662 1.887295e-03 7.840359e+07 1.670297e+13 
663 1.890295e-03 7.835533e+07 1.674210e+13 
664 1.893295e-03 7.830775e+07 1.668057e+13 
665 1.896295e-03 7.828248e+07 1.669056e+13 
666 1.899295e-03 7.824400e+07 1.672358e+13 
667 1.902295e-03 7.822072e+07 1.675854e+13 
668 1.905295e-03 7.821606e+07 1.677963e+13 
669 1.908295e-03 7.821441e+07 1.681462e+13 
670 1.911295e-03 7.818524e+07 1.684755e+13 
671 1.914295e-03 7.816524e+07 1.688708e+13 
672 1.917295e-03 7.814428e+07 1.687536e+13 
673 1.920295e-03 7.812436e+07 1.686573e+13 
674 1.923295e-03 7.809353e+07 1.683999e+13 
675 1.926295e-03 7.810086e+07 1.686143e+13 
676 1.929295e-03 7.812810e+07 1.688567e+13 
677 1.932295e-03 7.818308e+07 1.691054e+13 
678 1.935295e-03 7.823724e+07 1.693640e+13 
679 1.938295e-03 7.830472e+07 1.696009e+13 
680 1.941295e-03 7.838789e+07 1.698504e+13 
681 1.944295e-03 7.848308e+07 1.700893e+13 
682 1.947295e-03 7.858675e+07 1.703037e+13 
683 1.950295e-03 7.868891e+07 1.705268e+13 
684 1.953295e-03 7.879335e+07 1.707638e+13 
685 1.956295e-03 7.890016e+07 1.703159e+13 
686 1.959295e-03 7.899417e+07 1.705331e+13 
687 1.962295e-03 7.907155e+07 1.707778e+13 
688 1.965295e-03 7.918100e+07 1.709570e+13 
689 1.968295e-03 7.926891e+07 1.712191e+13 
690 1.971295e-03 7.935277e+07 1.714150e+13 
691 1.974295e-03 7.944272e+07 1.716838e+13 
692 1.977295e-03 7.954498e+07 1.719392e+13 
693 1.980295e-03 7.965133e+07 1.721523e+13 
694 1.983295e-03 7.975426e+07 1.723983e+13 
695 1.986295e-03 7.986405e+07 1.726206e+13 
696 1.989295e-03 7.995663e+07 1.725679e+13 
697 1.992295e-03 8.004008e+07 1.727702e+13 
698 1.995295e-03 8.010544e+07 1.729180e+13 
699 1.998295e-03 8.016123e+07 1.731623e+13 
700 2.001295e-03 8.021316e+07 1.734442e+13 
701 2.004295e-03 8.025876e+07 1.737242e+13 
702 2.007295e-03 8.028755e+07 1.739058e+13 
703 2.010295e-03 8.031048e+07 1.741218e+13 
704 2.013295e-03 8.034110e+07 1.744549e+13 
705 2.016295e-03 8.037444e+07 1.743752e+13 
706 2.019295e-03 8.040770e+07 1.740546e+13 
707 2.022295e-03 8.043816e+07 1.742260e+13 
708 2.025295e-03 8.045976e+07 1.744511e+13 
709 2.028295e-03 8.050434e+07 1.747779e+13 
710 2.031295e-03 8.055896e+07 1.751057e+13 
711 2.034295e-03 8.062707e+07 1.750394e+13 
712 2.037295e-03 8.070179e+07 1.751259e+13 
713 2.040295e-03 8.077131e+07 1.753170e+13 
714 2.043295e-03 8.081214e+07 1.756068e+13 
715 2.046295e-03 8.086004e+07 1.757567e+13 
716 2.049295e-03 8.092907e+07 1.759462e+13 
717 2.052295e-03 8.096996e+07 1.762203e+13 
718 2.055295e-03 8.101116e+07 1.765104e+13 
719 2.058295e-03 8.106440e+07 1.757392e+13 
720 2.061295e-03 8.109698e+07 1.752569e+13 
721 2.064295e-03 8.112337e+07 1.754111e+13 
722 2.067295e-03 8.114345e+07 1.756390e+13 
723 2.070295e-03 8.116910e+07 1.759090e+13 
724 2.073295e-03 8.118435e+07 1.761479e+13 
725 2.076295e-03 8.120368e+07 1.764874e+13 
726 2.079295e-03 8.121066e+07 1.766202e+13 
727 2.082295e-03 8.120680e+07 1.770321e+13 
728 2.085295e-03 8.118992e+07 1.769495e+13 
729 2.088295e-03 8.118188e+07 1.767910e+13 
730 2.091295e-03 8.117308e+07 1.766521e+13 
731 2.094295e-03 8.115208e+07 1.768456e+13 
732 2.097295e-03 8.112409e+07 1.770234e+13 
733 2.100295e-03 8.113224e+07 1.773012e+13 
734 2.103295e-03 8.113094e+07 1.772087e+13 
735 2.106295e-03 8.112419e+07 1.775132e+13 
736 2.109295e-03 8.114114e+07 1.777901e+13 
737 2.112295e-03 8.115522e+07 1.775105e+13 
738 2.115295e-03 8.117192e+07 1.771893e+13 
739 2.118295e-03 8.118590e+07 1.773502e+13 
740 2.121295e-03 8.117288e+07 1.776828e+13 
741 2.124295e-03 8.114474e+07 1.779617e+13 
742 2.127295e-03 8.109286e+07 1.779777e+13 
743 2.130295e-03 8.101942e+07 1.780899e+13 
744 2.133295e-03 8.093556e+07 1.783566e+13 
745 2.136295e-03 8.085561e+07 1.786067e+13 
746 2.139295e-03 8.076433e+07 1.789106e+13 
747 2.142295e-03 8.074269e+07 1.790191e+13 
748 2.145295e-03 8.071219e+07 1.791430e+13 
749 2.148295e-03 8.066467e+07 1.793458e+13 
750 2.151295e-03 8.060269e+07 1.796685e+13 
751 2.154295e-03 8.056856e+07 1.800827e+13 
752 2.157295e-03 8.055042e+07 1.800093e+13 
753 2.160295e-03 8.055561e+07 1.799744e+13 
754 2.163295e-03 8.058333e+07 1.800911e+13 
755 2.166295e-03 8.060782e+07 1.802569e+13 
756 2.169295e-03 8.062179e+07 1.805562e+13 
757 2.172295e-03 8.063043e+07 1.808356e+13 
758 2.175295e-03 8.063824e+07 1.811919e+13 
759 2.178295e-03 8.065041e+07 1.815117e+13 
760 2.181295e-03 8.067875e+07 1.818739e+13 
761 2.184295e-03 8.070790e+07 1.815669e+13 
762 2.187295e-03 8.074231e+07 1.818478e+13 
763 2.190295e-03 8.080204e+07 1.820885e+13 
764 2.193295e-03 8.084193e+07 1.824240e+13 
765 2.196295e-03 8.088639e+07 1.827391e+13 
766 2.199295e-03 8.092169e+07 1.830381e+13 
767 2.202295e-03 8.095545e+07 1.833973e+13 
768 2.205295e-03 8.098378e+07 1.837865e+13 
769 2.208295e-03 8.101487e+07 1.840742e+13 
770 2.211295e-03 8.102359e+07 1.845062e+13 
771 2.214295e-03 8.106456e+07 1.842079e+13 
772 2.217295e-03 8.108882e+07 1.843839e+13 
773 2.220295e-03 8.114627e+07 1.843488e+13 
774 2.223295e-03 8.117085e+07 1.845052e+13 
775 2.226295e-03 8.118283e+07 1.846931e+13 
776 2.229295e-03 8.118647e+07 1.849692e+13 
777 2.232295e-03 8.119680e+07 1.850227e+13 
778 2.235295e-03 8.120442e+07 1.851904e+13 
779 2.238295e-03 8.122616e+07 1.853465e+13 
780 2.241295e-03 8.124446e+07 1.855148e+13 
781 2.244295e-03 8.127067e+07 1.855964e+13 
782 2.247295e-03 8.130674e+07 1.857059e+13 
783 2.250295e-03 8.134362e+07 1.857225e+13 
784 2.253295e-03 8.136644e+07 1.858927e+13 
785 2.256295e-03 8.138090e+07 1.860736e+13 
786 2.259295e-03 8.140785e+07 1.863654e+13 
787 2.262295e-03 8.144474e+07 1.865726e+13 
788 2.265295e-03 8.143965e+07 1.868192e+13 
789 2.268295e-03 8.146345e+07 1.868649e+13 
790 2.271295e-03 8.147014e+07 1.872450e+13 
791 2.274295e-03 8.152106e+07 1.875669e+13 
792 2.277295e-03 8.158192e+07 1.878373e+13 
793 2.280295e-03 8.163306e+07 1.882684e+13 
794 2.283295e-03 8.170662e+07 1.881732e+13 
795 2.286295e-03 8.175715e+07 1.876614e+13 
796 2.289295e-03 8.180402e+07 1.877023e+13 
797 2.292295e-03 8.186267e+07 1.870408e+13 
798 2.295295e-03 8.190223e+07 1.865953e+13 
799 2.298295e-03 8.196217e+07 1.865129e+13 
800 2.301295e-03 8.200794e+07 1.865157e+13 
801 2.304295e-03 8.204798e+07 1.865890e+13 
802 2.307295e-03 8.208465e+07 1.853150e+13 
803 2.310295e-03 8.211473e+07 1.854015e+13 
804 2.313295e-03 8.214165e+07 1.855971e+13 
805 2.316295e-03 8.215920e+07 1.854642e+13 
806 2.319295e-03 8.216367e+07 1.856983e+13 
807 2.322295e-03 8.216493e+07 1.857588e+13 
808 2.325295e-03 8.215815e+07 1.856188e+13 
809 2.328295e-03 8.216659e+07 1.854757e+13 
810 2.331295e-03 8.215243e+07 1.842270e+13 
811 2.334295e-03 8.213584e+07 1.842294e+13 
812 2.337295e-03 8.217444e+07 1.844844e+13 
813 2.340295e-03 8.219000e+07 1.844879e+13 
814 2.343295e-03 8.224342e+07 1.845976e+13 
815 2.346295e-03 8.231419e+07 1.841442e+13 
816 2.349295e-03 8.238031e+07 1.841815e+13 
817 2.352295e-03 8.244813e+07 1.843265e+13 
818 2.355295e-03 8.249451e+07 1.840044e+13 
819 2.358295e-03 8.255510e+07 1.841264e+13 
820 2.361295e-03 8.259173e+07 1.841965e+13 
821 2.364295e-03 8.264004e+07 1.844396e+13 
822 2.367295e-03 8.267436e+07 1.847008e+13 
823 2.370295e-03 8.269225e+07 1.849993e+13 
824 2.373295e-03 8.271911e+07 1.852880e+13 
825 2.376295e-03 8.274021e+07 1.855717e+13 
826 2.379295e-03 8.275981e+07 1.850698e+13 
827 2.382295e-03 8.277348e+07 1.850502e+13 
828 2.385295e-03 8.278746e+07 1.853180e+13 
829 2.388295e-03 8.282819e+07 1.855907e+13 
830 2.391295e-03 8.286787e+07 1.859297e+13 
831 2.394295e-03 8.292244e+07 1.862159e+13 
832 2.397295e-03 8.297091e+07 1.863553e+13 
833 2.400295e-03 8.302201e+07 1.866351e+13 
834 2.403295e-03 8.308658e+07 1.868619e+13 
835 2.406295e-03 8.314654e+07 1.869059e+13 
836 2.409295e-03 8.321092e+07 1.871385e+13 
837 2.412295e-03 8.327635e+07 1.871503e+13 
838 2.415295e-03 8.333912e+07 1.874257e+13 
839 2.418295e-03 8.340267e+07 1.877379e+13 
840 2.421295e-03 8.346192e+07 1.880581e+13 
841 2.424295e-03 8.353910e+07 1.883689e+13 
842 2.427295e-03 8.361866e+07 1.887902e+13 
843 2.430295e-03 8.366029e+07 1.885706e+13 
844 2.433295e-03 8.372214e+07 1.887965e+13 
845 2.436295e-03 8.377997e+07 1.888653e+13 
846 2.439295e-03 8.385903e+07 1.890945e+13 
847 2.442295e-03 8.392330e+07 1.891431e+13 
848 2.445295e-03 8.397952e+07 1.893972e+13 
849 2.448295e-03 8.404341e+07 1.896836e+13 
850 2.451295e-03 8.410632e+07 1.900128e+13 
851 2.454295e-03 8.418668e+07 1.902924e+13 
852 2.457295e-03 8.423711e+07 1.903041e+13 
853 2.460295e-03 8.426273e+07 1.903650e+13 
854 2.463295e-03 8.428608e+07 1.906793e+13 
855 2.466295e-03 8.428728e+07 1.904803e+13 
856 2.469295e-03 8.431804e+07 1.906473e+13 
857 2.472295e-03 8.435381e+07 1.903866e+13 
858 2.475295e-03 8.438296e+07 1.905727e+13 
859 2.478295e-03 8.438566e+07 1.907356e+13 
860 2.481295e-03 8.436705e+07 1.911497e+13 
861 2.484295e-03 8.434670e+07 1.914337e+13 
862 2.487295e-03 8.431052e+07 1.914026e+13 
863 2.490295e-03 8.426222e+07 1.918492e+13 
864 2.493295e-03 8.422553e+07 1.921992e+13 
865 2.496295e-03 8.418338e+07 1.927395e+13 
866 2.499295e-03 8.413536e+07 1.925364e+13 
867 2.502295e-03 8.410278e+07 1.928417e+13 
868 2.505295e-03 8.408501e+07 1.928530e+13 
869 2.508295e-03 8.407979e+07 1.933114e+13 
870 2.511295e-03 8.403656e+07 1.934594e+13 
871 2.514295e-03 8.400367e+07 1.939610e+13 
872 2.517295e-03 8.393574e+07 1.939803e+13 
873 2.520295e-03 8.390395e+07 1.941803e+13 
874 2.523295e-03 8.384440e+07 1.946357e+13 
875 2.526295e-03 8.378191e+07 1.952006e+13 
876 2.529295e-03 8.371424e+07 1.955956e+13 
877 2.532295e-03 8.367753e+07 1.958134e+13 
878 2.535295e-03 8.364956e+07 1.962314e+13 
879 2.538295e-03 8.363244e+07 1.966955e+13 
880 2.541295e-03 8.361775e+07 1.970230e+13 
881 2.544295e-03 8.359872e+07 1.974628e+13 
882 2.547295e-03 8.359448e+07 1.976655e+13 
883 2.550295e-03 8.359795e+07 1.980218e+13 
884 2.553295e-03 8.358940e+07 1.983364e+13 
885 2.556295e-03 8.359001e+07 1.986290e+13 
886 2.559295e-03 8.357151e+07 1.985541e+13 
887 2.562295e-03 8.353805e+07 1.987689e+13 
888 2.565295e-03 8.350450e+07 1.990004e+13 
889 2.568295e-03 8.347353e+07 1.992967e+13 
890 2.571295e-03 8.343523e+07 1.992419e+13 
891 2.574295e-03 8.338838e+07 1.996418e+13 
892 2.577295e-03 8.334322e+07 2.000238e+13 
893 2.580295e-03 8.332007e+07 2.003035e+13 
894 2.583295e-03 8.329644e+07 2.006618e+13 
895 2.586295e-03 8.323808e+07 2.006992e+13 
896 2.589295e-03 8.316935e+07 2.010274e+13 
897 2.592295e-03 8.314293e+07 2.011987e+13 
898 2.595295e-03 8.312359e+07 2.015724e+13 
899 2.598295e-03 8.311859e+07 2.018943e+13 
900 2.601295e-03 8.313955e+07 2.021693e+13 
901 2.604295e-03 8.317691e+07 2.024710e+13 
902 2.607295e-03 8.318351e+07 2.028955e+13 
903 2.610295e-03 8.318788e+07 2.028015e+13 
904 2.613295e-03 8.319159e+07 2.030664e+13 
905 2.616295e-03 8.322670e+07 2.009133e+13 
906 2.619295e-03 8.324992e+07 2.002233e+13 
907 2.622295e-03 8.325796e+07 2.002564e+13 
908 2.625295e-03 8.327087e+07 2.005591e+13 
909 2.628295e-03 8.329550e+07 2.008619e+13 
910 2.631295e-03 8.329997e+07 2.005640e+13 
911 2.634295e-03 8.333951e+07 2.005898e+13 
912 2.637295e-03 8.337026e+07 2.006159e+13 
913 2.640295e-03 8.341826e+07 2.004947e+13 
914 2.643295e-03 8.345392e+07 2.004067e+13 
915 2.646295e-03 8.348518e+07 2.002096e+13 
916 2.649295e-03 8.350682e+07 2.001238e+13 
917 2.652295e-03 8.352636e+07 2.001131e+13 
918 2.655295e-03 8.352266e+07 1.998890e+13 
919 2.658295e-03 8.353348e+07 1.999084e+13 
920 2.661295e-03 8.353873e+07 2.001410e+13 
921 2.664295e-03 8.353566e+07 2.004094e+13 
922 2.667295e-03 8.354964e+07 2.007212e+13 
923 2.670295e-03 8.358600e+07 2.006187e+13 
924 2.673295e-03 8.358957e+07 2.004624e+13 
925 2.676295e-03 8.362416e+07 2.006014e+13 
926 2.679295e-03 8.367605e+07 2.006290e+13 
927 2.682295e-03 8.373185e+07 2.003813e+13 
928 2.685295e-03 8.379586e+07 2.002600e+13 
929 2.688295e-03 8.384708e+07 2.004538e+13 
930 2.691295e-03 8.391483e+07 2.001982e+13 
931 2.694295e-03 8.396836e+07 1.999024e+13 
932 2.697295e-03 8.403518e+07 1.999736e+13 
933 2.700295e-03 8.407826e+07 2.000301e+13 
934 2.703295e-03 8.412165e+07 1.997051e+13 
935 2.706295e-03 8.417575e+07 1.995525e+13 
936 2.709295e-03 8.422807e+07 2.001599e+13 
937 2.712295e-03 8.424990e+07 2.003936e+13 
938 2.715295e-03 8.425075e+07 2.000782e+13 
939 2.718295e-03 8.422996e+07 1.999357e+13 
940 2.721295e-03 8.420617e+07 2.001294e+13 
941 2.724295e-03 8.420549e+07 2.002377e+13 
942 2.727295e-03 8.421849e+07 2.004107e+13 
943 2.730295e-03 8.423053e+07 2.005283e+13 
944 2.733295e-03 8.423234e+07 2.007688e+13 
945 2.736295e-03 8.426462e+07 2.010531e+13 
946 2.739295e-03 8.430936e+07 2.012750e+13 
947 2.742295e-03 8.436879e+07 2.014772e+13 
948 2.745295e-03 8.441176e+07 2.017561e+13 
949 2.748295e-03 8.446816e+07 2.019728e+13 
950 2.751295e-03 8.450459e+07 2.015189e+13 
951 2.754295e-03 8.456373e+07 2.017066e+13 
952 2.757295e-03 8.462185e+07 2.015111e+13 
953 2.760295e-03 8.465103e+07 2.017482e+13 
954 2.763295e-03 8.466594e+07 2.020084e+13 
955 2.766295e-03 8.467945e+07 2.023283e+13 
956 2.769295e-03 8.469702e+07 2.026009e+13 
957 2.772295e-03 8.472700e+07 2.029095e+13 
958 2.775295e-03 8.478154e+07 2.031089e+13 
959 2.778295e-03 8.484438e+07 2.032998e+13 
960 2.781295e-03 8.490362e+07 2.035678e+13 
961 2.784295e-03 8.493857e+07 2.034882e+13 
962 2.787295e-03 8.497446e+07 2.037966e+13 
963 2.790295e-03 8.501145e+07 2.041860e+13 
964 2.793295e-03 8.506761e+07 2.044201e+13 
965 2.796295e-03 8.512615e+07 2.044473e+13 
966 2.799295e-03 8.513934e+07 2.044395e+13 
967 2.802295e-03 8.512546e+07 2.046565e+13 
968 2.805295e-03 8.510353e+07 2.049179e+13 
969 2.808295e-03 8.507950e+07 2.052501e+13 
970 2.811295e-03 8.508153e+07 2.056207e+13 
971 2.814295e-03 8.509886e+07 2.058420e+13 
972 2.817295e-03 8.511998e+07 2.057878e+13 
973 2.820295e-03 8.517043e+07 2.059513e+13 
974 2.823295e-03 8.519323e+07 2.062339e+13 
975 2.826295e-03 8.523214e+07 2.064671e+13 
976 2.829295e-03 8.526413e+07 2.067762e+13 
977 2.832295e-03 8.530782e+07 2.069966e+13 
978 2.835295e-03 8.535821e+07 2.072626e+13 
979 2.838295e-03 8.541056e+07 2.071628e+13 
980 2.841295e-03 8.545813e+07 2.073889e+13 
981 2.844295e-03 8.552670e+07 2.075500e+13 
982 2.847295e-03 8.558916e+07 2.077787e+13 
983 2.850295e-03 8.562904e+07 2.080118e+13 
984 2.853295e-03 8.565352e+07 2.083054e+13 
985 2.856295e-03 8.567490e+07 2.083591e+13 
986 2.859295e-03 8.569669e+07 2.086030e+13 
987 2.862295e-03 8.569907e+07 2.080302e+13 
988 2.865295e-03 8.570149e+07 2.081480e+13 
989 2.868295e-03 8.567554e+07 2.085115e+13 
990 2.871295e-03 8.565020e+07 2.089115e+13 
991 2.874295e-03 8.559755e+07 2.092777e+13 
992 2.877295e-03 8.555147e+07 2.098121e+13 
993 2.880295e-03 8.548324e+07 2.102667e+13 
994 2.883295e-03 8.539636e+07 2.101437e+13 
995 2.886295e-03 8.528980e+07 2.098308e+13 
996 2.889295e-03 8.521390e+07 2.097366e+13 
997 2.892295e-03 8.512745e+07 2.102414e+13 
998 2.895295e-03 8.506964e+07 2.107788e+13 
999 2.898295e-03 8.501331e+07 2.105431e+13 
1000 2.901295e-03 8.495801e+07 2.104610e+13 
1001 2.904295e-03 8.487718e+07 2.107389e+13 
1002 2.907295e-03 8.479232e+07 2.104589e+13 
1003 2.910295e-03 8.470164e+07 2.106621e+13 
1004 2.913295e-03 8.460790e+07 2.109510e+13 
1005 2.916295e-03 8.456413e+07 2.111604e+13 
1006 2.919295e-03 8.453373e+07 2.113710e+13 
1007 2.922295e-03 8.450340e+07 2.115886e+13 
1008 2.925295e-03 8.448164e+07 2.117288e+13 
1009 2.928295e-03 8.447017e+07 2.115061e+13 
1010 2.931295e-03 8.445047e+07 2.112010e+13 
1011 2.934295e-03 8.443500e+07 2.113939e+13 
1012 2.937295e-03 8.442253e+07 2.112309e+13 
1013 2.940295e-03 8.438684e+07 2.114209e+13 
1014 2.943295e-03 8.433753e+07 2.107887e+13 
1015 2.946295e-03 8.426587e+07 2.106442e+13 
1016 2.949295e-03 8.421904e+07 2.105706e+13 
1017 2.952295e-03 8.418120e+07 2.105119e+13 
1018 2.955295e-03 8.413867e+07 2.105355e+13 
1019 2.958295e-03 8.411591e+07 2.107246e+13 
1020 2.961295e-03 8.412169e+07 2.108046e+13 
1021 2.964295e-03 8.414269e+07 2.102685e+13 
1022 2.967295e-03 8.416068e+07 2.101702e+13 
1023 2.970295e-03 8.417310e+07 2.100393e+13 
1024 2.973295e-03 8.420848e+07 2.100237e+13 
1025 2.976295e-03 8.425061e+07 2.100875e+13 
1026 2.979295e-03 8.429066e+07 2.100494e+13 
1027 2.982295e-03 8.432373e+07 2.101346e+13 
1028 2.985295e-03 8.436805e+07 2.101164e+13 
1029 2.988295e-03 8.440939e+07 2.102580e+13 
1030 2.991295e-03 8.445450e+07 2.103966e+13 
1031 2.994295e-03 8.447842e+07 2.105154e+13 
1032 2.997295e-03 8.449712e+07 2.105836e+13 
1033 3.000295e-03 8.450247e+07 2.107955e+13 
1034 3.003295e-03 8.451190e+07 2.111203e+13 
1035 3.006295e-03 8.454011e+07 2.113903e+13 
1036 3.009295e-03 8.459124e+07 2.114468e+13 
1037 3.012295e-03 8.462716e+07 2.114978e+13 
1038 3.015295e-03 8.464626e+07 2.117264e+13 
1039 3.018295e-03 8.467183e+07 2.116377e+13 
1040 3.021295e-03 8.468434e+07 2.118833e+13 
1041 3.024295e-03 8.470518e+07 2.120743e+13 
1042 3.027295e-03 8.472195e+07 2.121049e+13 
1043 3.030295e-03 8.471296e+07 2.123239e+13 
1044 3.033295e-03 8.472760e+07 2.126718e+13 
1045 3.036295e-03 8.477073e+07 2.125484e+13 
1046 3.039295e-03 8.475029e+07 2.126222e+13 
1047 3.042295e-03 8.474977e+07 2.129354e+13 
1048 3.045295e-03 8.473942e+07 2.133727e+13 
1049 3.048295e-03 8.473302e+07 2.136532e+13 
1050 3.051295e-03 8.473825e+07 2.136880e+13 
