# Step Strain Stress Density
1 3.000000e-09 3.385521e+02 2.044290e+12 
2 6.600000e-09 8.263199e+02 2.044184e+12 
3 1.092000e-08 1.510864e+03 2.044036e+12 
4 1.610400e-08 2.194119e+03 2.044055e+12 
5 2.232480e-08 2.764913e+03 2.044346e+12 
6 2.978976e-08 3.822221e+03 2.044342e+12 
7 3.874771e-08 4.883730e+03 2.044285e+12 
8 4.949725e-08 6.286349e+03 2.044294e+12 
9 6.239671e-08 7.644827e+03 2.044577e+12 
10 7.787605e-08 9.828075e+03 2.044351e+12 
11 9.645126e-08 1.202690e+04 2.044598e+12 
12 1.187415e-07 1.410186e+04 2.045375e+12 
13 1.454898e-07 1.783996e+04 2.045183e+12 
14 1.775878e-07 2.157907e+04 2.045412e+12 
15 2.161053e-07 2.611770e+04 2.045250e+12 
16 2.623264e-07 3.116768e+04 2.045920e+12 
17 3.177917e-07 3.858570e+04 2.044822e+12 
18 3.843500e-07 4.798276e+04 2.043901e+12 
19 4.642200e-07 5.852965e+04 2.043605e+12 
20 5.600640e-07 6.994839e+04 2.044534e+12 
21 6.750768e-07 8.390548e+04 2.044484e+12 
22 8.130922e-07 9.920279e+04 2.047164e+12 
23 9.787106e-07 1.191425e+05 2.047357e+12 
24 1.177453e-06 1.430524e+05 2.047063e+12 
25 1.415943e-06 1.738448e+05 2.045674e+12 
26 1.702132e-06 2.103327e+05 2.045206e+12 
27 2.045558e-06 2.529520e+05 2.044525e+12 
28 2.457670e-06 3.028549e+05 2.044378e+12 
29 2.952204e-06 3.629189e+05 2.044052e+12 
30 3.545645e-06 4.355467e+05 2.044388e+12 
31 4.257774e-06 5.228996e+05 2.044426e+12 
32 5.112328e-06 6.294485e+05 2.045473e+12 
33 6.137794e-06 7.555495e+05 2.047470e+12 
34 7.368353e-06 9.021514e+05 2.047094e+12 
35 8.845023e-06 1.080715e+06 2.045919e+12 
36 1.061703e-05 1.291763e+06 2.044612e+12 
37 1.274343e-05 1.553482e+06 2.045819e+12 
38 1.529512e-05 1.857779e+06 2.047603e+12 
39 1.829512e-05 2.217903e+06 2.048759e+12 
40 2.129512e-05 2.578009e+06 2.052286e+12 
41 2.429512e-05 2.948751e+06 2.051336e+12 
42 2.729512e-05 3.304004e+06 2.050852e+12 
43 3.029512e-05 3.663197e+06 2.053711e+12 
44 3.329512e-05 4.023301e+06 2.055400e+12 
45 3.629512e-05 4.381999e+06 2.056039e+12 
46 3.929512e-05 4.736521e+06 2.055913e+12 
47 4.229512e-05 5.078367e+06 2.054226e+12 
48 4.529512e-05 5.433667e+06 2.058108e+12 
49 4.829512e-05 5.782679e+06 2.062423e+12 
50 5.129512e-05 6.147244e+06 2.064701e+12 
51 5.429512e-05 6.513988e+06 2.073259e+12 
52 5.729512e-05 6.857132e+06 2.070942e+12 
53 6.029512e-05 7.210545e+06 2.063126e+12 
54 6.329512e-05 7.564264e+06 2.065418e+12 
55 6.629512e-05 7.918357e+06 2.067139e+12 
56 6.929512e-05 8.267880e+06 2.069415e+12 
57 7.229512e-05 8.605046e+06 2.071198e+12 
58 7.529512e-05 8.960698e+06 2.074943e+12 
59 7.829512e-05 9.303246e+06 2.078299e+12 
60 8.129512e-05 9.653865e+06 2.082562e+12 
61 8.429512e-05 1.001289e+07 2.077473e+12 
62 8.729512e-05 1.037615e+07 2.078267e+12 
63 9.029512e-05 1.072396e+07 2.078006e+12 
64 9.329512e-05 1.107366e+07 2.078859e+12 
65 9.629512e-05 1.142412e+07 2.081275e+12 
66 9.929512e-05 1.176857e+07 2.083928e+12 
67 1.022951e-04 1.211584e+07 2.083512e+12 
68 1.052951e-04 1.246802e+07 2.084075e+12 
69 1.082951e-04 1.282067e+07 2.087397e+12 
70 1.112951e-04 1.316943e+07 2.088881e+12 
71 1.142951e-04 1.351797e+07 2.091376e+12 
72 1.172951e-04 1.386455e+07 2.093810e+12 
73 1.202951e-04 1.420280e+07 2.095314e+12 
74 1.232951e-04 1.454925e+07 2.098287e+12 
75 1.262951e-04 1.489792e+07 2.107563e+12 
76 1.292951e-04 1.524130e+07 2.101988e+12 
77 1.322951e-04 1.557169e+07 2.100987e+12 
78 1.352951e-04 1.591042e+07 2.104522e+12 
79 1.382951e-04 1.624216e+07 2.107522e+12 
80 1.412951e-04 1.657736e+07 2.111240e+12 
81 1.442951e-04 1.691891e+07 2.112610e+12 
82 1.472951e-04 1.725236e+07 2.115119e+12 
83 1.502951e-04 1.759201e+07 2.117297e+12 
84 1.532951e-04 1.793102e+07 2.119885e+12 
85 1.562951e-04 1.826391e+07 2.124243e+12 
86 1.592951e-04 1.860247e+07 2.125977e+12 
87 1.622951e-04 1.893004e+07 2.128134e+12 
88 1.652951e-04 1.926928e+07 2.130864e+12 
89 1.682951e-04 1.960198e+07 2.134993e+12 
90 1.712951e-04 1.994198e+07 2.146030e+12 
91 1.742951e-04 2.028071e+07 2.147948e+12 
92 1.772951e-04 2.060293e+07 2.150143e+12 
93 1.802951e-04 2.092076e+07 2.151935e+12 
94 1.832951e-04 2.123058e+07 2.154626e+12 
95 1.862951e-04 2.153799e+07 2.156103e+12 
96 1.892951e-04 2.185881e+07 2.161558e+12 
97 1.922951e-04 2.217664e+07 2.166646e+12 
98 1.952951e-04 2.248766e+07 2.171382e+12 
99 1.982951e-04 2.279834e+07 2.172312e+12 
100 2.012951e-04 2.312352e+07 2.177627e+12 
101 2.042951e-04 2.344451e+07 2.185376e+12 
102 2.072951e-04 2.375749e+07 2.182724e+12 
103 2.102951e-04 2.406127e+07 2.184989e+12 
104 2.132951e-04 2.436669e+07 2.190633e+12 
105 2.162951e-04 2.468366e+07 2.198001e+12 
106 2.192951e-04 2.500522e+07 2.208689e+12 
107 2.222951e-04 2.531727e+07 2.210173e+12 
108 2.252951e-04 2.564426e+07 2.215400e+12 
109 2.282951e-04 2.596945e+07 2.221350e+12 
110 2.312951e-04 2.628483e+07 2.226508e+12 
111 2.342951e-04 2.660569e+07 2.233536e+12 
112 2.372951e-04 2.691301e+07 2.235663e+12 
113 2.402951e-04 2.723630e+07 2.247032e+12 
114 2.432951e-04 2.756840e+07 2.258706e+12 
115 2.462951e-04 2.788889e+07 2.260527e+12 
116 2.492951e-04 2.820235e+07 2.261199e+12 
117 2.522951e-04 2.852520e+07 2.265894e+12 
118 2.552951e-04 2.883014e+07 2.267223e+12 
119 2.582951e-04 2.914094e+07 2.272490e+12 
120 2.612951e-04 2.946006e+07 2.282360e+12 
121 2.642951e-04 2.978167e+07 2.291437e+12 
122 2.672951e-04 3.008073e+07 2.289835e+12 
123 2.702951e-04 3.037711e+07 2.294640e+12 
124 2.732951e-04 3.069038e+07 2.302724e+12 
125 2.762951e-04 3.100724e+07 2.307138e+12 
126 2.792951e-04 3.130928e+07 2.311304e+12 
127 2.822951e-04 3.161734e+07 2.312328e+12 
128 2.852951e-04 3.192652e+07 2.318996e+12 
129 2.882951e-04 3.222908e+07 2.329464e+12 
130 2.912951e-04 3.252537e+07 2.344102e+12 
131 2.942951e-04 3.283177e+07 2.352345e+12 
132 2.972951e-04 3.312715e+07 2.353616e+12 
133 3.002951e-04 3.341628e+07 2.357550e+12 
134 3.032951e-04 3.369521e+07 2.366766e+12 
135 3.062951e-04 3.398310e+07 2.375944e+12 
136 3.092951e-04 3.428485e+07 2.386081e+12 
137 3.122951e-04 3.457817e+07 2.396655e+12 
138 3.152951e-04 3.486446e+07 2.405162e+12 
139 3.182951e-04 3.515270e+07 2.416303e+12 
140 3.212951e-04 3.544492e+07 2.425284e+12 
141 3.242951e-04 3.573266e+07 2.435684e+12 
142 3.272951e-04 3.599721e+07 2.441962e+12 
143 3.302951e-04 3.625853e+07 2.450449e+12 
144 3.332951e-04 3.652812e+07 2.464487e+12 
145 3.362951e-04 3.679386e+07 2.473876e+12 
146 3.392951e-04 3.706292e+07 2.489665e+12 
147 3.422951e-04 3.732354e+07 2.496691e+12 
148 3.452951e-04 3.759112e+07 2.511916e+12 
149 3.482951e-04 3.785406e+07 2.524919e+12 
150 3.512951e-04 3.810590e+07 2.532718e+12 
151 3.542951e-04 3.836653e+07 2.554766e+12 
152 3.572951e-04 3.861149e+07 2.560008e+12 
153 3.602951e-04 3.885846e+07 2.570634e+12 
154 3.632951e-04 3.910136e+07 2.587004e+12 
155 3.662951e-04 3.935439e+07 2.600786e+12 
156 3.692951e-04 3.961811e+07 2.613693e+12 
157 3.722951e-04 3.986849e+07 2.627084e+12 
158 3.752951e-04 4.012464e+07 2.641149e+12 
159 3.782951e-04 4.038236e+07 2.654839e+12 
160 3.812951e-04 4.063480e+07 2.670939e+12 
161 3.842951e-04 4.088496e+07 2.686626e+12 
162 3.872951e-04 4.111499e+07 2.696774e+12 
163 3.902951e-04 4.133796e+07 2.714494e+12 
164 3.932951e-04 4.156211e+07 2.733021e+12 
165 3.962951e-04 4.179640e+07 2.744350e+12 
166 3.992951e-04 4.202029e+07 2.760013e+12 
167 4.022951e-04 4.223381e+07 2.777171e+12 
168 4.052951e-04 4.245271e+07 2.794617e+12 
169 4.082951e-04 4.268402e+07 2.813024e+12 
170 4.112951e-04 4.291059e+07 2.830938e+12 
171 4.142951e-04 4.313973e+07 2.846208e+12 
172 4.172951e-04 4.337031e+07 2.865215e+12 
173 4.202951e-04 4.360261e+07 2.882632e+12 
174 4.232951e-04 4.383351e+07 2.900694e+12 
175 4.262951e-04 4.405892e+07 2.918621e+12 
176 4.292951e-04 4.426634e+07 2.934063e+12 
177 4.322951e-04 4.446119e+07 2.954899e+12 
178 4.352951e-04 4.467666e+07 2.977312e+12 
179 4.382951e-04 4.488795e+07 2.998405e+12 
180 4.412951e-04 4.510002e+07 3.019211e+12 
181 4.442951e-04 4.530023e+07 3.036955e+12 
182 4.472951e-04 4.551400e+07 3.062154e+12 
183 4.502951e-04 4.573845e+07 3.086384e+12 
184 4.532951e-04 4.594704e+07 3.109637e+12 
185 4.562951e-04 4.614378e+07 3.120421e+12 
186 4.592951e-04 4.633606e+07 3.140374e+12 
187 4.622951e-04 4.654046e+07 3.160945e+12 
188 4.652951e-04 4.673566e+07 3.182548e+12 
189 4.682951e-04 4.693656e+07 3.204334e+12 
190 4.712951e-04 4.713131e+07 3.227006e+12 
191 4.742951e-04 4.733477e+07 3.253890e+12 
192 4.772951e-04 4.753088e+07 3.274082e+12 
193 4.802951e-04 4.772105e+07 3.290612e+12 
194 4.832951e-04 4.791295e+07 3.312083e+12 
195 4.862951e-04 4.810787e+07 3.333252e+12 
196 4.892951e-04 4.829563e+07 3.357250e+12 
197 4.922951e-04 4.846676e+07 3.380471e+12 
198 4.952951e-04 4.863541e+07 3.406156e+12 
199 4.982951e-04 4.881960e+07 3.430816e+12 
200 5.012951e-04 4.900383e+07 3.456203e+12 
201 5.042951e-04 4.918621e+07 3.481731e+12 
202 5.072951e-04 4.936931e+07 3.503401e+12 
203 5.102951e-04 4.956185e+07 3.526421e+12 
204 5.132951e-04 4.975179e+07 3.547046e+12 
205 5.162951e-04 4.994169e+07 3.570021e+12 
206 5.192951e-04 5.012687e+07 3.592842e+12 
207 5.222951e-04 5.033076e+07 3.615229e+12 
208 5.252951e-04 5.054007e+07 3.637105e+12 
209 5.282951e-04 5.074910e+07 3.658104e+12 
210 5.312951e-04 5.094783e+07 3.679224e+12 
211 5.342951e-04 5.114021e+07 3.700882e+12 
212 5.372951e-04 5.131967e+07 3.724941e+12 
213 5.402951e-04 5.150132e+07 3.750022e+12 
214 5.432951e-04 5.168166e+07 3.775021e+12 
215 5.462951e-04 5.187414e+07 3.801106e+12 
216 5.492951e-04 5.205530e+07 3.823033e+12 
217 5.522951e-04 5.223814e+07 3.841000e+12 
218 5.552951e-04 5.240128e+07 3.863205e+12 
219 5.582951e-04 5.256638e+07 3.887512e+12 
220 5.612951e-04 5.273614e+07 3.913808e+12 
221 5.642951e-04 5.289562e+07 3.937305e+12 
222 5.672951e-04 5.306610e+07 3.963135e+12 
223 5.702951e-04 5.323597e+07 3.989068e+12 
224 5.732951e-04 5.341216e+07 4.018316e+12 
225 5.762951e-04 5.358056e+07 4.042895e+12 
226 5.792951e-04 5.374099e+07 4.070442e+12 
227 5.822951e-04 5.390080e+07 4.102317e+12 
228 5.852951e-04 5.407443e+07 4.128693e+12 
229 5.882951e-04 5.426573e+07 4.156139e+12 
230 5.912951e-04 5.441883e+07 4.176726e+12 
231 5.942951e-04 5.458599e+07 4.202952e+12 
232 5.972951e-04 5.474839e+07 4.228896e+12 
233 6.002951e-04 5.492426e+07 4.251969e+12 
234 6.032951e-04 5.509233e+07 4.281060e+12 
235 6.062951e-04 5.527393e+07 4.310546e+12 
236 6.092951e-04 5.547198e+07 4.337707e+12 
237 6.122951e-04 5.564885e+07 4.358917e+12 
238 6.152951e-04 5.583060e+07 4.378235e+12 
239 6.182951e-04 5.598748e+07 4.402771e+12 
240 6.212951e-04 5.616847e+07 4.429073e+12 
241 6.242951e-04 5.635702e+07 4.452804e+12 
242 6.272951e-04 5.653111e+07 4.478832e+12 
243 6.302951e-04 5.669571e+07 4.504661e+12 
244 6.332951e-04 5.686559e+07 4.531998e+12 
245 6.362951e-04 5.703701e+07 4.557944e+12 
246 6.392951e-04 5.721656e+07 4.575348e+12 
247 6.422951e-04 5.736951e+07 4.593592e+12 
248 6.452951e-04 5.753778e+07 4.613909e+12 
249 6.482951e-04 5.770481e+07 4.647093e+12 
250 6.512951e-04 5.785516e+07 4.668651e+12 
251 6.542951e-04 5.801481e+07 4.692450e+12 
252 6.572951e-04 5.815058e+07 4.713922e+12 
253 6.602951e-04 5.831018e+07 4.738199e+12 
254 6.632951e-04 5.848659e+07 4.767033e+12 
255 6.662951e-04 5.864925e+07 4.790307e+12 
256 6.692951e-04 5.881879e+07 4.810939e+12 
257 6.722951e-04 5.897557e+07 4.830965e+12 
258 6.752951e-04 5.910357e+07 4.850492e+12 
259 6.782951e-04 5.921748e+07 4.878612e+12 
260 6.812951e-04 5.934265e+07 4.910179e+12 
261 6.842951e-04 5.948211e+07 4.943213e+12 
262 6.872951e-04 5.961439e+07 4.970046e+12 
263 6.902951e-04 5.973616e+07 4.992784e+12 
264 6.932951e-04 5.988011e+07 5.020255e+12 
265 6.962951e-04 6.001268e+07 5.049481e+12 
266 6.992951e-04 6.013699e+07 5.082695e+12 
267 7.022951e-04 6.024740e+07 5.116592e+12 
268 7.052951e-04 6.036529e+07 5.151027e+12 
269 7.082951e-04 6.047813e+07 5.184902e+12 
270 7.112951e-04 6.058406e+07 5.217958e+12 
271 7.142951e-04 6.069094e+07 5.254100e+12 
272 7.172951e-04 6.079457e+07 5.187719e+12 
273 7.202951e-04 6.088572e+07 5.204851e+12 
274 7.232951e-04 6.098827e+07 5.239034e+12 
275 7.262951e-04 6.109957e+07 5.278590e+12 
276 7.292951e-04 6.120760e+07 5.308919e+12 
277 7.322951e-04 6.132008e+07 5.267899e+12 
278 7.352951e-04 6.143611e+07 5.285029e+12 
279 7.382951e-04 6.156241e+07 5.313448e+12 
280 7.412951e-04 6.169261e+07 5.342805e+12 
281 7.442951e-04 6.182833e+07 5.374518e+12 
282 7.472951e-04 6.196136e+07 5.402057e+12 
283 7.502951e-04 6.208059e+07 5.420371e+12 
284 7.532951e-04 6.221306e+07 5.448269e+12 
285 7.562951e-04 6.234902e+07 5.479303e+12 
286 7.592951e-04 6.248634e+07 5.506200e+12 
287 7.622951e-04 6.261704e+07 5.534786e+12 
288 7.652951e-04 6.275269e+07 5.565216e+12 
289 7.682951e-04 6.289788e+07 5.595711e+12 
290 7.712951e-04 6.304469e+07 5.625495e+12 
291 7.742951e-04 6.319115e+07 5.656687e+12 
292 7.772951e-04 6.334096e+07 5.685480e+12 
293 7.802951e-04 6.349473e+07 5.714313e+12 
294 7.832951e-04 6.362577e+07 5.751652e+12 
295 7.862951e-04 6.376365e+07 5.779531e+12 
296 7.892951e-04 6.389926e+07 5.811231e+12 
297 7.922951e-04 6.403334e+07 5.842862e+12 
298 7.952951e-04 6.416536e+07 5.873060e+12 
299 7.982951e-04 6.430655e+07 5.905424e+12 
300 8.012951e-04 6.445799e+07 5.935364e+12 
301 8.042951e-04 6.460217e+07 5.966314e+12 
302 8.072951e-04 6.475706e+07 5.992854e+12 
303 8.102951e-04 6.490592e+07 6.024551e+12 
304 8.132951e-04 6.505231e+07 6.055314e+12 
305 8.162951e-04 6.520142e+07 6.085903e+12 
306 8.192951e-04 6.534318e+07 6.120182e+12 
307 8.222951e-04 6.547185e+07 6.154078e+12 
308 8.252951e-04 6.559299e+07 6.185248e+12 
309 8.282951e-04 6.570801e+07 6.218575e+12 
310 8.312951e-04 6.582293e+07 6.254576e+12 
311 8.342951e-04 6.592053e+07 6.288786e+12 
312 8.372951e-04 6.601094e+07 6.325452e+12 
313 8.402951e-04 6.609407e+07 6.364736e+12 
314 8.432951e-04 6.617721e+07 6.404313e+12 
315 8.462951e-04 6.624220e+07 6.441301e+12 
316 8.492951e-04 6.629942e+07 6.480565e+12 
317 8.522951e-04 6.634207e+07 6.521299e+12 
318 8.552951e-04 6.638116e+07 6.567008e+12 
319 8.582951e-04 6.641370e+07 6.610506e+12 
320 8.612951e-04 6.645417e+07 6.656111e+12 
321 8.642951e-04 6.650826e+07 6.697065e+12 
322 8.672951e-04 6.655656e+07 6.739386e+12 
323 8.702951e-04 6.659920e+07 6.784250e+12 
324 8.732951e-04 6.662586e+07 6.812952e+12 
325 8.762951e-04 6.664646e+07 6.823709e+12 
326 8.792951e-04 6.667077e+07 6.866075e+12 
327 8.822951e-04 6.669048e+07 6.910657e+12 
328 8.852951e-04 6.670457e+07 6.956494e+12 
329 8.882951e-04 6.672558e+07 7.001011e+12 
330 8.912951e-04 6.675638e+07 7.042415e+12 
331 8.942951e-04 6.678861e+07 7.085378e+12 
332 8.972951e-04 6.681298e+07 7.127860e+12 
333 9.002951e-04 6.684217e+07 7.166718e+12 
334 9.032951e-04 6.689154e+07 7.206696e+12 
335 9.062951e-04 6.694119e+07 7.247838e+12 
336 9.092951e-04 6.699592e+07 7.289045e+12 
337 9.122951e-04 6.706642e+07 7.325700e+12 
338 9.152951e-04 6.714144e+07 7.364629e+12 
339 9.182951e-04 6.723340e+07 7.400103e+12 
340 9.212951e-04 6.732433e+07 7.435274e+12 
341 9.242951e-04 6.742596e+07 7.466317e+12 
342 9.272951e-04 6.753692e+07 7.498266e+12 
343 9.302951e-04 6.763868e+07 7.533242e+12 
344 9.332951e-04 6.774221e+07 7.567947e+12 
345 9.362951e-04 6.785156e+07 7.601498e+12 
346 9.392951e-04 6.796026e+07 7.630203e+12 
347 9.422951e-04 6.807387e+07 7.664291e+12 
348 9.452951e-04 6.817112e+07 7.702294e+12 
349 9.482951e-04 6.827639e+07 7.726273e+12 
350 9.512951e-04 6.835636e+07 7.754476e+12 
351 9.542951e-04 6.841525e+07 7.788185e+12 
352 9.572951e-04 6.846601e+07 7.806587e+12 
353 9.602951e-04 6.852241e+07 7.818450e+12 
354 9.632951e-04 6.859350e+07 7.844855e+12 
355 9.662951e-04 6.867762e+07 7.873978e+12 
356 9.692951e-04 6.876394e+07 7.902979e+12 
357 9.722951e-04 6.885884e+07 7.932890e+12 
358 9.752951e-04 6.895189e+07 7.962880e+12 
359 9.782951e-04 6.903360e+07 7.992891e+12 
360 9.812951e-04 6.912470e+07 8.026369e+12 
361 9.842951e-04 6.921314e+07 8.058318e+12 
362 9.872951e-04 6.930777e+07 8.094327e+12 
363 9.902951e-04 6.940032e+07 8.125915e+12 
364 9.932951e-04 6.948847e+07 8.160883e+12 
365 9.962951e-04 6.959255e+07 8.195090e+12 
366 9.992951e-04 6.969810e+07 8.228265e+12 
367 1.002295e-03 6.979487e+07 8.262164e+12 
368 1.005295e-03 6.988761e+07 8.298117e+12 
369 1.008295e-03 6.998806e+07 8.335007e+12 
370 1.011295e-03 7.008301e+07 8.371206e+12 
371 1.014295e-03 7.017662e+07 8.406945e+12 
372 1.017295e-03 7.025247e+07 8.433169e+12 
373 1.020295e-03 7.031946e+07 8.405373e+12 
374 1.023295e-03 7.036505e+07 8.443369e+12 
375 1.026295e-03 7.041429e+07 8.482181e+12 
376 1.029295e-03 7.045533e+07 8.516945e+12 
377 1.032295e-03 7.049933e+07 8.556124e+12 
378 1.035295e-03 7.051878e+07 8.596351e+12 
379 1.038295e-03 7.053631e+07 8.639502e+12 
380 1.041295e-03 7.052406e+07 8.672907e+12 
381 1.044295e-03 7.051695e+07 8.717670e+12 
382 1.047295e-03 7.051910e+07 8.761685e+12 
383 1.050295e-03 7.050994e+07 8.807958e+12 
384 1.053295e-03 7.049624e+07 8.854501e+12 
385 1.056295e-03 7.048131e+07 8.902210e+12 
386 1.059295e-03 7.047161e+07 8.952598e+12 
387 1.062295e-03 7.047153e+07 9.002075e+12 
388 1.065295e-03 7.047275e+07 9.043942e+12 
389 1.068295e-03 7.048929e+07 9.086535e+12 
390 1.071295e-03 7.049585e+07 9.126688e+12 
391 1.074295e-03 7.050291e+07 9.169883e+12 
392 1.077295e-03 7.052717e+07 9.212119e+12 
393 1.080295e-03 7.054567e+07 9.254698e+12 
394 1.083295e-03 7.056144e+07 9.297891e+12 
395 1.086295e-03 7.059215e+07 9.335216e+12 
396 1.089295e-03 7.062005e+07 9.374714e+12 
397 1.092295e-03 7.063623e+07 9.414576e+12 
398 1.095295e-03 7.065375e+07 9.450174e+12 
399 1.098295e-03 7.067042e+07 9.488358e+12 
400 1.101295e-03 7.070352e+07 9.528185e+12 
401 1.104295e-03 7.071942e+07 9.484610e+12 
402 1.107295e-03 7.071971e+07 9.511165e+12 
403 1.110295e-03 7.072491e+07 9.556171e+12 
404 1.113295e-03 7.071507e+07 9.581334e+12 
405 1.116295e-03 7.071950e+07 9.629091e+12 
406 1.119295e-03 7.070947e+07 9.670891e+12 
407 1.122295e-03 7.069442e+07 9.699828e+12 
408 1.125295e-03 7.068844e+07 9.744544e+12 
409 1.128295e-03 7.070639e+07 9.786685e+12 
410 1.131295e-03 7.072763e+07 9.829204e+12 
411 1.134295e-03 7.074056e+07 9.874484e+12 
412 1.137295e-03 7.075014e+07 9.919842e+12 
413 1.140295e-03 7.076231e+07 9.928934e+12 
414 1.143295e-03 7.077827e+07 9.966337e+12 
415 1.146295e-03 7.079362e+07 1.000770e+13 
416 1.149295e-03 7.081420e+07 1.004888e+13 
417 1.152295e-03 7.084704e+07 1.008753e+13 
418 1.155295e-03 7.088054e+07 1.012366e+13 
419 1.158295e-03 7.090761e+07 1.015111e+13 
420 1.161295e-03 7.095989e+07 1.018031e+13 
421 1.164295e-03 7.100524e+07 1.021384e+13 
422 1.167295e-03 7.106180e+07 1.024756e+13 
423 1.170295e-03 7.114404e+07 1.028218e+13 
424 1.173295e-03 7.121622e+07 1.030817e+13 
425 1.176295e-03 7.125060e+07 1.031260e+13 
426 1.179295e-03 7.127018e+07 1.033373e+13 
427 1.182295e-03 7.128587e+07 1.032276e+13 
428 1.185295e-03 7.130683e+07 1.032796e+13 
429 1.188295e-03 7.134345e+07 1.034716e+13 
430 1.191295e-03 7.138233e+07 1.037854e+13 
431 1.194295e-03 7.142931e+07 1.040025e+13 
432 1.197295e-03 7.149685e+07 1.042146e+13 
433 1.200295e-03 7.156519e+07 1.044554e+13 
434 1.203295e-03 7.164491e+07 1.047122e+13 
435 1.206295e-03 7.173035e+07 1.047426e+13 
436 1.209295e-03 7.180367e+07 1.049790e+13 
437 1.212295e-03 7.188394e+07 1.052467e+13 
438 1.215295e-03 7.197372e+07 1.055599e+13 
439 1.218295e-03 7.205836e+07 1.058770e+13 
440 1.221295e-03 7.213949e+07 1.062111e+13 
441 1.224295e-03 7.222049e+07 1.065536e+13 
442 1.227295e-03 7.230889e+07 1.069010e+13 
443 1.230295e-03 7.240806e+07 1.072316e+13 
444 1.233295e-03 7.250536e+07 1.075685e+13 
445 1.236295e-03 7.261323e+07 1.079017e+13 
446 1.239295e-03 7.269744e+07 1.082542e+13 
447 1.242295e-03 7.277292e+07 1.085609e+13 
448 1.245295e-03 7.286256e+07 1.088474e+13 
449 1.248295e-03 7.295796e+07 1.091389e+13 
450 1.251295e-03 7.305300e+07 1.091747e+13 
451 1.254295e-03 7.314951e+07 1.093452e+13 
452 1.257295e-03 7.324138e+07 1.095183e+13 
453 1.260295e-03 7.331888e+07 1.097282e+13 
454 1.263295e-03 7.340060e+07 1.099774e+13 
455 1.266295e-03 7.346140e+07 1.101849e+13 
456 1.269295e-03 7.351801e+07 1.104547e+13 
457 1.272295e-03 7.356676e+07 1.107767e+13 
458 1.275295e-03 7.363636e+07 1.110771e+13 
459 1.278295e-03 7.371058e+07 1.114103e+13 
460 1.281295e-03 7.378284e+07 1.117604e+13 
461 1.284295e-03 7.383482e+07 1.121107e+13 
462 1.287295e-03 7.389874e+07 1.125099e+13 
463 1.290295e-03 7.397516e+07 1.127727e+13 
464 1.293295e-03 7.405144e+07 1.130938e+13 
465 1.296295e-03 7.412285e+07 1.134320e+13 
466 1.299295e-03 7.418946e+07 1.137786e+13 
467 1.302295e-03 7.426275e+07 1.137959e+13 
468 1.305295e-03 7.434567e+07 1.141112e+13 
469 1.308295e-03 7.442748e+07 1.144503e+13 
470 1.311295e-03 7.449651e+07 1.147575e+13 
471 1.314295e-03 7.459292e+07 1.150979e+13 
472 1.317295e-03 7.468150e+07 1.153962e+13 
473 1.320295e-03 7.475659e+07 1.156870e+13 
474 1.323295e-03 7.484503e+07 1.160298e+13 
475 1.326295e-03 7.493340e+07 1.163483e+13 
476 1.329295e-03 7.501109e+07 1.166747e+13 
477 1.332295e-03 7.507820e+07 1.170415e+13 
478 1.335295e-03 7.515849e+07 1.174198e+13 
479 1.338295e-03 7.523634e+07 1.177676e+13 
480 1.341295e-03 7.532604e+07 1.181248e+13 
481 1.344295e-03 7.542409e+07 1.184528e+13 
482 1.347295e-03 7.551237e+07 1.188116e+13 
483 1.350295e-03 7.560383e+07 1.191462e+13 
484 1.353295e-03 7.571176e+07 1.194684e+13 
485 1.356295e-03 7.581916e+07 1.198727e+13 
486 1.359295e-03 7.593304e+07 1.201846e+13 
487 1.362295e-03 7.601793e+07 1.205201e+13 
488 1.365295e-03 7.610481e+07 1.208428e+13 
489 1.368295e-03 7.618806e+07 1.212227e+13 
490 1.371295e-03 7.625497e+07 1.216718e+13 
491 1.374295e-03 7.633854e+07 1.218291e+13 
492 1.377295e-03 7.641423e+07 1.218328e+13 
493 1.380295e-03 7.648400e+07 1.219686e+13 
494 1.383295e-03 7.656872e+07 1.221455e+13 
495 1.386295e-03 7.665768e+07 1.223915e+13 
496 1.389295e-03 7.673483e+07 1.226826e+13 
497 1.392295e-03 7.679785e+07 1.227145e+13 
498 1.395295e-03 7.684159e+07 1.228120e+13 
499 1.398295e-03 7.686552e+07 1.228607e+13 
500 1.401295e-03 7.688666e+07 1.229938e+13 
501 1.404295e-03 7.689817e+07 1.228404e+13 
502 1.407295e-03 7.693690e+07 1.231279e+13 
503 1.410295e-03 7.696188e+07 1.234487e+13 
504 1.413295e-03 7.698498e+07 1.237664e+13 
505 1.416295e-03 7.700118e+07 1.240976e+13 
506 1.419295e-03 7.703103e+07 1.244499e+13 
507 1.422295e-03 7.705490e+07 1.247748e+13 
508 1.425295e-03 7.708326e+07 1.251275e+13 
509 1.428295e-03 7.711991e+07 1.253805e+13 
510 1.431295e-03 7.714740e+07 1.256563e+13 
511 1.434295e-03 7.718250e+07 1.259894e+13 
512 1.437295e-03 7.720822e+07 1.263810e+13 
513 1.440295e-03 7.725029e+07 1.268197e+13 
514 1.443295e-03 7.726848e+07 1.270169e+13 
515 1.446295e-03 7.726747e+07 1.273181e+13 
516 1.449295e-03 7.725894e+07 1.276793e+13 
517 1.452295e-03 7.725391e+07 1.280479e+13 
518 1.455295e-03 7.723791e+07 1.284858e+13 
519 1.458295e-03 7.721084e+07 1.289064e+13 
520 1.461295e-03 7.721584e+07 1.293018e+13 
521 1.464295e-03 7.721730e+07 1.297237e+13 
522 1.467295e-03 7.720669e+07 1.301341e+13 
523 1.470295e-03 7.720434e+07 1.300945e+13 
524 1.473295e-03 7.722920e+07 1.304477e+13 
525 1.476295e-03 7.723755e+07 1.307769e+13 
526 1.479295e-03 7.726327e+07 1.311312e+13 
527 1.482295e-03 7.726908e+07 1.314321e+13 
528 1.485295e-03 7.727096e+07 1.317672e+13 
529 1.488295e-03 7.727400e+07 1.321606e+13 
530 1.491295e-03 7.728070e+07 1.325428e+13 
531 1.494295e-03 7.731342e+07 1.329179e+13 
532 1.497295e-03 7.734599e+07 1.333522e+13 
533 1.500295e-03 7.737124e+07 1.337387e+13 
534 1.503295e-03 7.738955e+07 1.337548e+13 
535 1.506295e-03 7.743076e+07 1.340998e+13 
536 1.509295e-03 7.748714e+07 1.344472e+13 
537 1.512295e-03 7.754629e+07 1.347724e+13 
538 1.515295e-03 7.760123e+07 1.350746e+13 
539 1.518295e-03 7.765177e+07 1.353511e+13 
540 1.521295e-03 7.767157e+07 1.356368e+13 
541 1.524295e-03 7.768339e+07 1.355335e+13 
542 1.527295e-03 7.770260e+07 1.358497e+13 
543 1.530295e-03 7.770347e+07 1.360356e+13 
544 1.533295e-03 7.772005e+07 1.363092e+13 
545 1.536295e-03 7.775322e+07 1.365120e+13 
546 1.539295e-03 7.778197e+07 1.367883e+13 
547 1.542295e-03 7.782398e+07 1.370945e+13 
548 1.545295e-03 7.787776e+07 1.374130e+13 
549 1.548295e-03 7.794002e+07 1.377043e+13 
550 1.551295e-03 7.801001e+07 1.379602e+13 
551 1.554295e-03 7.808133e+07 1.381223e+13 
552 1.557295e-03 7.812437e+07 1.382176e+13 
553 1.560295e-03 7.817067e+07 1.384799e+13 
554 1.563295e-03 7.821377e+07 1.387978e+13 
555 1.566295e-03 7.825093e+07 1.391594e+13 
556 1.569295e-03 7.826537e+07 1.394623e+13 
557 1.572295e-03 7.828665e+07 1.398116e+13 
558 1.575295e-03 7.829289e+07 1.398607e+13 
559 1.578295e-03 7.829781e+07 1.401596e+13 
560 1.581295e-03 7.830344e+07 1.405097e+13 
561 1.584295e-03 7.832724e+07 1.408080e+13 
562 1.587295e-03 7.834871e+07 1.411675e+13 
563 1.590295e-03 7.837230e+07 1.415048e+13 
564 1.593295e-03 7.841110e+07 1.418109e+13 
565 1.596295e-03 7.845209e+07 1.421305e+13 
566 1.599295e-03 7.850393e+07 1.424399e+13 
567 1.602295e-03 7.855712e+07 1.428058e+13 
568 1.605295e-03 7.861604e+07 1.431091e+13 
569 1.608295e-03 7.865108e+07 1.430547e+13 
570 1.611295e-03 7.868326e+07 1.433497e+13 
571 1.614295e-03 7.872779e+07 1.436428e+13 
572 1.617295e-03 7.879783e+07 1.438983e+13 
573 1.620295e-03 7.886530e+07 1.441602e+13 
574 1.623295e-03 7.893250e+07 1.444675e+13 
575 1.626295e-03 7.900824e+07 1.447678e+13 
576 1.629295e-03 7.906348e+07 1.450199e+13 
577 1.632295e-03 7.911977e+07 1.448003e+13 
578 1.635295e-03 7.917309e+07 1.450017e+13 
579 1.638295e-03 7.921413e+07 1.452347e+13 
580 1.641295e-03 7.924426e+07 1.454041e+13 
581 1.644295e-03 7.926531e+07 1.456605e+13 
582 1.647295e-03 7.929029e+07 1.457962e+13 
583 1.650295e-03 7.932534e+07 1.460082e+13 
584 1.653295e-03 7.934910e+07 1.462448e+13 
585 1.656295e-03 7.936631e+07 1.465823e+13 
586 1.659295e-03 7.937626e+07 1.469193e+13 
587 1.662295e-03 7.940460e+07 1.472655e+13 
588 1.665295e-03 7.944845e+07 1.475663e+13 
589 1.668295e-03 7.950171e+07 1.475005e+13 
590 1.671295e-03 7.956135e+07 1.475018e+13 
591 1.674295e-03 7.960711e+07 1.475887e+13 
592 1.677295e-03 7.967188e+07 1.477972e+13 
593 1.680295e-03 7.972427e+07 1.480706e+13 
594 1.683295e-03 7.979766e+07 1.483072e+13 
595 1.686295e-03 7.987563e+07 1.485211e+13 
596 1.689295e-03 7.997832e+07 1.487571e+13 
597 1.692295e-03 8.008009e+07 1.490102e+13 
598 1.695295e-03 8.020107e+07 1.492428e+13 
599 1.698295e-03 8.029978e+07 1.493980e+13 
600 1.701295e-03 8.038699e+07 1.496299e+13 
601 1.704295e-03 8.048986e+07 1.498389e+13 
602 1.707295e-03 8.059660e+07 1.500568e+13 
603 1.710295e-03 8.069184e+07 1.501696e+13 
604 1.713295e-03 8.077654e+07 1.503666e+13 
605 1.716295e-03 8.086114e+07 1.506174e+13 
606 1.719295e-03 8.094481e+07 1.508640e+13 
607 1.722295e-03 8.102119e+07 1.511386e+13 
608 1.725295e-03 8.110103e+07 1.514013e+13 
609 1.728295e-03 8.117753e+07 1.516882e+13 
610 1.731295e-03 8.123646e+07 1.516268e+13 
611 1.734295e-03 8.129431e+07 1.518817e+13 
612 1.737295e-03 8.135996e+07 1.521278e+13 
613 1.740295e-03 8.141575e+07 1.523592e+13 
614 1.743295e-03 8.147487e+07 1.526255e+13 
615 1.746295e-03 8.152405e+07 1.526503e+13 
616 1.749295e-03 8.157602e+07 1.527800e+13 
617 1.752295e-03 8.162952e+07 1.530453e+13 
618 1.755295e-03 8.166573e+07 1.530819e+13 
619 1.758295e-03 8.169886e+07 1.532628e+13 
620 1.761295e-03 8.171344e+07 1.534448e+13 
621 1.764295e-03 8.171344e+07 1.536251e+13 
622 1.767295e-03 8.171651e+07 1.539101e+13 
623 1.770295e-03 8.170859e+07 1.538043e+13 
624 1.773295e-03 8.173583e+07 1.540469e+13 
625 1.776295e-03 8.177210e+07 1.542773e+13 
626 1.779295e-03 8.181662e+07 1.545118e+13 
627 1.782295e-03 8.186752e+07 1.547537e+13 
628 1.785295e-03 8.191762e+07 1.546934e+13 
629 1.788295e-03 8.196753e+07 1.545894e+13 
630 1.791295e-03 8.202971e+07 1.547442e+13 
631 1.794295e-03 8.208733e+07 1.549768e+13 
632 1.797295e-03 8.215094e+07 1.552396e+13 
633 1.800295e-03 8.221753e+07 1.554599e+13 
634 1.803295e-03 8.228137e+07 1.557288e+13 
635 1.806295e-03 8.234630e+07 1.559956e+13 
636 1.809295e-03 8.242734e+07 1.562592e+13 
637 1.812295e-03 8.251028e+07 1.565139e+13 
638 1.815295e-03 8.259273e+07 1.567828e+13 
639 1.818295e-03 8.267360e+07 1.570317e+13 
640 1.821295e-03 8.275154e+07 1.572163e+13 
641 1.824295e-03 8.284634e+07 1.574686e+13 
642 1.827295e-03 8.292009e+07 1.577415e+13 
643 1.830295e-03 8.298061e+07 1.579872e+13 
644 1.833295e-03 8.304527e+07 1.581973e+13 
645 1.836295e-03 8.311676e+07 1.584887e+13 
646 1.839295e-03 8.319392e+07 1.587693e+13 
647 1.842295e-03 8.327689e+07 1.590293e+13 
648 1.845295e-03 8.336919e+07 1.592953e+13 
649 1.848295e-03 8.346730e+07 1.595440e+13 
650 1.851295e-03 8.355949e+07 1.598100e+13 
651 1.854295e-03 8.363285e+07 1.599356e+13 
652 1.857295e-03 8.371667e+07 1.601913e+13 
653 1.860295e-03 8.380851e+07 1.604678e+13 
654 1.863295e-03 8.390881e+07 1.607742e+13 
655 1.866295e-03 8.399523e+07 1.610353e+13 
656 1.869295e-03 8.405636e+07 1.613551e+13 
657 1.872295e-03 8.413045e+07 1.617157e+13 
658 1.875295e-03 8.420398e+07 1.618735e+13 
659 1.878295e-03 8.428823e+07 1.622028e+13 
660 1.881295e-03 8.436135e+07 1.625190e+13 
661 1.884295e-03 8.443083e+07 1.629022e+13 
662 1.887295e-03 8.449354e+07 1.626510e+13 
663 1.890295e-03 8.454442e+07 1.629405e+13 
664 1.893295e-03 8.460215e+07 1.632928e+13 
665 1.896295e-03 8.464876e+07 1.635560e+13 
666 1.899295e-03 8.471250e+07 1.638170e+13 
667 1.902295e-03 8.476705e+07 1.641462e+13 
668 1.905295e-03 8.482533e+07 1.644156e+13 
669 1.908295e-03 8.488124e+07 1.647886e+13 
670 1.911295e-03 8.490933e+07 1.650082e+13 
671 1.914295e-03 8.489913e+07 1.650867e+13 
672 1.917295e-03 8.488487e+07 1.652188e+13 
673 1.920295e-03 8.489823e+07 1.653950e+13 
674 1.923295e-03 8.490004e+07 1.657581e+13 
675 1.926295e-03 8.489596e+07 1.660845e+13 
676 1.929295e-03 8.491039e+07 1.663318e+13 
677 1.932295e-03 8.492147e+07 1.666726e+13 
678 1.935295e-03 8.490891e+07 1.669012e+13 
679 1.938295e-03 8.488543e+07 1.672801e+13 
680 1.941295e-03 8.485789e+07 1.676931e+13 
681 1.944295e-03 8.481930e+07 1.681443e+13 
682 1.947295e-03 8.478322e+07 1.680797e+13 
683 1.950295e-03 8.476680e+07 1.684917e+13 
684 1.953295e-03 8.477523e+07 1.687540e+13 
685 1.956295e-03 8.478408e+07 1.690363e+13 
686 1.959295e-03 8.480544e+07 1.693868e+13 
687 1.962295e-03 8.482283e+07 1.697131e+13 
688 1.965295e-03 8.481944e+07 1.697551e+13 
689 1.968295e-03 8.480971e+07 1.699767e+13 
690 1.971295e-03 8.479549e+07 1.703446e+13 
691 1.974295e-03 8.476891e+07 1.706354e+13 
692 1.977295e-03 8.473537e+07 1.710244e+13 
693 1.980295e-03 8.468699e+07 1.713902e+13 
694 1.983295e-03 8.463631e+07 1.708293e+13 
695 1.986295e-03 8.457417e+07 1.712132e+13 
696 1.989295e-03 8.449912e+07 1.716384e+13 
697 1.992295e-03 8.444146e+07 1.719280e+13 
698 1.995295e-03 8.437889e+07 1.723130e+13 
699 1.998295e-03 8.432122e+07 1.726696e+13 
700 2.001295e-03 8.425644e+07 1.730542e+13 
701 2.004295e-03 8.419966e+07 1.734968e+13 
702 2.007295e-03 8.413929e+07 1.738592e+13 
703 2.010295e-03 8.406622e+07 1.743253e+13 
704 2.013295e-03 8.400773e+07 1.746786e+13 
705 2.016295e-03 8.394412e+07 1.749118e+13 
706 2.019295e-03 8.389242e+07 1.753364e+13 
707 2.022295e-03 8.384803e+07 1.754875e+13 
708 2.025295e-03 8.381848e+07 1.758085e+13 
709 2.028295e-03 8.379390e+07 1.761181e+13 
710 2.031295e-03 8.375579e+07 1.765072e+13 
711 2.034295e-03 8.372060e+07 1.768532e+13 
712 2.037295e-03 8.367695e+07 1.772425e+13 
713 2.040295e-03 8.366656e+07 1.775028e+13 
714 2.043295e-03 8.364830e+07 1.778310e+13 
715 2.046295e-03 8.365212e+07 1.781479e+13 
716 2.049295e-03 8.365939e+07 1.784047e+13 
717 2.052295e-03 8.368292e+07 1.787374e+13 
718 2.055295e-03 8.371006e+07 1.790669e+13 
719 2.058295e-03 8.373467e+07 1.793504e+13 
720 2.061295e-03 8.374659e+07 1.797229e+13 
721 2.064295e-03 8.376599e+07 1.801008e+13 
722 2.067295e-03 8.379641e+07 1.804660e+13 
723 2.070295e-03 8.380324e+07 1.803590e+13 
724 2.073295e-03 8.379866e+07 1.805642e+13 
725 2.076295e-03 8.380589e+07 1.809259e+13 
726 2.079295e-03 8.382718e+07 1.812280e+13 
727 2.082295e-03 8.383725e+07 1.815815e+13 
728 2.085295e-03 8.387680e+07 1.819087e+13 
729 2.088295e-03 8.392014e+07 1.822884e+13 
730 2.091295e-03 8.395508e+07 1.826609e+13 
731 2.094295e-03 8.397890e+07 1.828673e+13 
732 2.097295e-03 8.397054e+07 1.823116e+13 
733 2.100295e-03 8.397245e+07 1.826100e+13 
734 2.103295e-03 8.397514e+07 1.829599e+13 
735 2.106295e-03 8.397713e+07 1.829707e+13 
736 2.109295e-03 8.399497e+07 1.832135e+13 
737 2.112295e-03 8.402649e+07 1.835253e+13 
738 2.115295e-03 8.404883e+07 1.838260e+13 
739 2.118295e-03 8.407045e+07 1.841419e+13 
740 2.121295e-03 8.410634e+07 1.842883e+13 
741 2.124295e-03 8.413271e+07 1.840891e+13 
742 2.127295e-03 8.414023e+07 1.842906e+13 
743 2.130295e-03 8.417006e+07 1.844934e+13 
744 2.133295e-03 8.418119e+07 1.843338e+13 
745 2.136295e-03 8.418885e+07 1.844742e+13 
746 2.139295e-03 8.418334e+07 1.846373e+13 
747 2.142295e-03 8.419476e+07 1.849097e+13 
748 2.145295e-03 8.419215e+07 1.850360e+13 
749 2.148295e-03 8.418513e+07 1.851013e+13 
750 2.151295e-03 8.417173e+07 1.850923e+13 
751 2.154295e-03 8.410721e+07 1.852926e+13 
752 2.157295e-03 8.404308e+07 1.850803e+13 
753 2.160295e-03 8.399392e+07 1.834267e+13 
754 2.163295e-03 8.392567e+07 1.832307e+13 
755 2.166295e-03 8.385838e+07 1.820372e+13 
756 2.169295e-03 8.377085e+07 1.819371e+13 
757 2.172295e-03 8.368923e+07 1.820768e+13 
758 2.175295e-03 8.362283e+07 1.823369e+13 
759 2.178295e-03 8.357244e+07 1.819901e+13 
760 2.181295e-03 8.354543e+07 1.820412e+13 
761 2.184295e-03 8.351032e+07 1.821254e+13 
762 2.187295e-03 8.347021e+07 1.823645e+13 
763 2.190295e-03 8.341558e+07 1.826005e+13 
764 2.193295e-03 8.336206e+07 1.830132e+13 
765 2.196295e-03 8.333898e+07 1.831805e+13 
766 2.199295e-03 8.330555e+07 1.836034e+13 
767 2.202295e-03 8.330613e+07 1.839301e+13 
768 2.205295e-03 8.332315e+07 1.840911e+13 
769 2.208295e-03 8.331901e+07 1.843366e+13 
770 2.211295e-03 8.332415e+07 1.846456e+13 
771 2.214295e-03 8.333497e+07 1.850307e+13 
772 2.217295e-03 8.335603e+07 1.850945e+13 
773 2.220295e-03 8.339471e+07 1.852992e+13 
774 2.223295e-03 8.341239e+07 1.850019e+13 
775 2.226295e-03 8.342325e+07 1.849320e+13 
776 2.229295e-03 8.345931e+07 1.836055e+13 
777 2.232295e-03 8.347936e+07 1.832405e+13 
778 2.235295e-03 8.347569e+07 1.830833e+13 
779 2.238295e-03 8.347022e+07 1.833286e+13 
780 2.241295e-03 8.346595e+07 1.834281e+13 
781 2.244295e-03 8.347497e+07 1.837216e+13 
782 2.247295e-03 8.348715e+07 1.838811e+13 
783 2.250295e-03 8.351072e+07 1.839452e+13 
784 2.253295e-03 8.353590e+07 1.840498e+13 
785 2.256295e-03 8.355185e+07 1.841317e+13 
786 2.259295e-03 8.358128e+07 1.842299e+13 
787 2.262295e-03 8.359774e+07 1.843585e+13 
788 2.265295e-03 8.363642e+07 1.845439e+13 
789 2.268295e-03 8.368388e+07 1.847512e+13 
790 2.271295e-03 8.371986e+07 1.849044e+13 
791 2.274295e-03 8.376812e+07 1.850760e+13 
792 2.277295e-03 8.379455e+07 1.850775e+13 
793 2.280295e-03 8.382918e+07 1.852707e+13 
794 2.283295e-03 8.387314e+07 1.852348e+13 
795 2.286295e-03 8.390904e+07 1.852499e+13 
796 2.289295e-03 8.393585e+07 1.854597e+13 
797 2.292295e-03 8.397748e+07 1.856930e+13 
798 2.295295e-03 8.401711e+07 1.860324e+13 
799 2.298295e-03 8.407106e+07 1.863230e+13 
800 2.301295e-03 8.413847e+07 1.866032e+13 
801 2.304295e-03 8.421301e+07 1.866845e+13 
802 2.307295e-03 8.430230e+07 1.868122e+13 
803 2.310295e-03 8.439767e+07 1.869610e+13 
804 2.313295e-03 8.450531e+07 1.871658e+13 
805 2.316295e-03 8.460446e+07 1.872559e+13 
806 2.319295e-03 8.470259e+07 1.874466e+13 
807 2.322295e-03 8.481631e+07 1.876553e+13 
808 2.325295e-03 8.493877e+07 1.878494e+13 
809 2.328295e-03 8.503793e+07 1.879438e+13 
810 2.331295e-03 8.513392e+07 1.881094e+13 
811 2.334295e-03 8.522220e+07 1.883667e+13 
812 2.337295e-03 8.532233e+07 1.885545e+13 
813 2.340295e-03 8.539954e+07 1.888477e+13 
814 2.343295e-03 8.547278e+07 1.891802e+13 
815 2.346295e-03 8.555776e+07 1.893591e+13 
816 2.349295e-03 8.563957e+07 1.896487e+13 
817 2.352295e-03 8.573211e+07 1.898310e+13 
818 2.355295e-03 8.582206e+07 1.901239e+13 
819 2.358295e-03 8.591112e+07 1.903672e+13 
820 2.361295e-03 8.599641e+07 1.906369e+13 
821 2.364295e-03 8.605749e+07 1.908999e+13 
822 2.367295e-03 8.612454e+07 1.911993e+13 
823 2.370295e-03 8.617527e+07 1.908668e+13 
824 2.373295e-03 8.622431e+07 1.909559e+13 
825 2.376295e-03 8.627099e+07 1.911278e+13 
826 2.379295e-03 8.631542e+07 1.913623e+13 
827 2.382295e-03 8.636105e+07 1.914925e+13 
828 2.385295e-03 8.637409e+07 1.917047e+13 
829 2.388295e-03 8.638289e+07 1.914612e+13 
830 2.391295e-03 8.638497e+07 1.916872e+13 
831 2.394295e-03 8.640098e+07 1.919157e+13 
832 2.397295e-03 8.642777e+07 1.921345e+13 
833 2.400295e-03 8.644324e+07 1.923735e+13 
834 2.403295e-03 8.645255e+07 1.925947e+13 
835 2.406295e-03 8.645606e+07 1.929293e+13 
836 2.409295e-03 8.645773e+07 1.932790e+13 
837 2.412295e-03 8.645753e+07 1.936406e+13 
838 2.415295e-03 8.645059e+07 1.941107e+13 
839 2.418295e-03 8.643473e+07 1.938582e+13 
840 2.421295e-03 8.638616e+07 1.941215e+13 
841 2.424295e-03 8.635312e+07 1.944835e+13 
842 2.427295e-03 8.633503e+07 1.948854e+13 
843 2.430295e-03 8.631127e+07 1.952919e+13 
844 2.433295e-03 8.629797e+07 1.957039e+13 
845 2.436295e-03 8.630026e+07 1.961360e+13 
846 2.439295e-03 8.629880e+07 1.962975e+13 
847 2.442295e-03 8.629634e+07 1.967098e+13 
848 2.445295e-03 8.626786e+07 1.968220e+13 
849 2.448295e-03 8.626057e+07 1.972207e+13 
850 2.451295e-03 8.624743e+07 1.972073e+13 
851 2.454295e-03 8.623194e+07 1.973197e+13 
852 2.457295e-03 8.620735e+07 1.975417e+13 
853 2.460295e-03 8.618133e+07 1.976329e+13 
854 2.463295e-03 8.615357e+07 1.978871e+13 
855 2.466295e-03 8.610470e+07 1.979829e+13 
856 2.469295e-03 8.605278e+07 1.983143e+13 
857 2.472295e-03 8.601530e+07 1.986581e+13 
858 2.475295e-03 8.597989e+07 1.989382e+13 
859 2.478295e-03 8.591269e+07 1.991110e+13 
860 2.481295e-03 8.584592e+07 1.994660e+13 
861 2.484295e-03 8.578242e+07 1.997752e+13 
862 2.487295e-03 8.573359e+07 2.001619e+13 
863 2.490295e-03 8.567252e+07 1.994034e+13 
864 2.493295e-03 8.560566e+07 1.995310e+13 
865 2.496295e-03 8.553180e+07 1.995736e+13 
866 2.499295e-03 8.547176e+07 1.998444e+13 
867 2.502295e-03 8.542279e+07 2.000052e+13 
868 2.505295e-03 8.535057e+07 2.004082e+13 
869 2.508295e-03 8.528939e+07 2.006541e+13 
870 2.511295e-03 8.521794e+07 2.009502e+13 
871 2.514295e-03 8.515911e+07 2.009394e+13 
872 2.517295e-03 8.511620e+07 2.012780e+13 
873 2.520295e-03 8.507807e+07 2.012984e+13 
874 2.523295e-03 8.503822e+07 2.017280e+13 
875 2.526295e-03 8.500417e+07 2.020964e+13 
876 2.529295e-03 8.494860e+07 2.020342e+13 
877 2.532295e-03 8.492586e+07 2.023902e+13 
878 2.535295e-03 8.491377e+07 2.026933e+13 
879 2.538295e-03 8.490311e+07 2.030256e+13 
880 2.541295e-03 8.488613e+07 2.034429e+13 
881 2.544295e-03 8.486858e+07 2.028457e+13 
882 2.547295e-03 8.485464e+07 2.028978e+13 
883 2.550295e-03 8.484280e+07 2.030910e+13 
884 2.553295e-03 8.482800e+07 2.032818e+13 
885 2.556295e-03 8.479935e+07 2.034920e+13 
886 2.559295e-03 8.477822e+07 2.031821e+13 
887 2.562295e-03 8.475044e+07 2.033765e+13 
888 2.565295e-03 8.474146e+07 2.036996e+13 
889 2.568295e-03 8.472618e+07 2.039006e+13 
890 2.571295e-03 8.470076e+07 2.042085e+13 
891 2.574295e-03 8.468731e+07 2.045223e+13 
892 2.577295e-03 8.467994e+07 2.047632e+13 
893 2.580295e-03 8.467358e+07 2.051084e+13 
894 2.583295e-03 8.467148e+07 2.054894e+13 
895 2.586295e-03 8.467023e+07 2.056348e+13 
896 2.589295e-03 8.465784e+07 2.057726e+13 
897 2.592295e-03 8.465000e+07 2.056232e+13 
898 2.595295e-03 8.461617e+07 2.058091e+13 
899 2.598295e-03 8.456397e+07 2.061174e+13 
900 2.601295e-03 8.451573e+07 2.058623e+13 
901 2.604295e-03 8.447836e+07 2.059893e+13 
902 2.607295e-03 8.446011e+07 2.062528e+13 
903 2.610295e-03 8.444348e+07 2.062427e+13 
904 2.613295e-03 8.442029e+07 2.061636e+13 
905 2.616295e-03 8.440837e+07 2.062769e+13 
906 2.619295e-03 8.437182e+07 2.063333e+13 
907 2.622295e-03 8.434200e+07 2.064176e+13 
908 2.625295e-03 8.431619e+07 2.063102e+13 
909 2.628295e-03 8.429479e+07 2.065163e+13 
910 2.631295e-03 8.428142e+07 2.066298e+13 
911 2.634295e-03 8.429171e+07 2.065035e+13 
912 2.637295e-03 8.429089e+07 2.065775e+13 
913 2.640295e-03 8.428859e+07 2.063123e+13 
914 2.643295e-03 8.426641e+07 2.061744e+13 
915 2.646295e-03 8.424303e+07 2.060711e+13 
916 2.649295e-03 8.422079e+07 2.061165e+13 
917 2.652295e-03 8.420299e+07 2.061727e+13 
918 2.655295e-03 8.417266e+07 2.063921e+13 
919 2.658295e-03 8.415467e+07 2.065970e+13 
920 2.661295e-03 8.415020e+07 2.068379e+13 
921 2.664295e-03 8.413283e+07 2.068818e+13 
922 2.667295e-03 8.410377e+07 2.066568e+13 
923 2.670295e-03 8.406270e+07 2.065481e+13 
924 2.673295e-03 8.404006e+07 2.066931e+13 
925 2.676295e-03 8.402629e+07 2.069078e+13 
926 2.679295e-03 8.401813e+07 2.071559e+13 
927 2.682295e-03 8.399740e+07 2.074818e+13 
928 2.685295e-03 8.397838e+07 2.075660e+13 
929 2.688295e-03 8.397215e+07 2.076031e+13 
930 2.691295e-03 8.398637e+07 2.076749e+13 
931 2.694295e-03 8.400333e+07 2.075128e+13 
932 2.697295e-03 8.403056e+07 2.076802e+13 
933 2.700295e-03 8.404416e+07 2.078621e+13 
934 2.703295e-03 8.405145e+07 2.078967e+13 
935 2.706295e-03 8.406223e+07 2.080396e+13 
936 2.709295e-03 8.408280e+07 2.080103e+13 
937 2.712295e-03 8.410777e+07 2.080914e+13 
938 2.715295e-03 8.414341e+07 2.081488e+13 
939 2.718295e-03 8.419314e+07 2.082788e+13 
940 2.721295e-03 8.424703e+07 2.084097e+13 
941 2.724295e-03 8.430338e+07 2.086681e+13 
942 2.727295e-03 8.437890e+07 2.088337e+13 
943 2.730295e-03 8.445030e+07 2.088766e+13 
944 2.733295e-03 8.451642e+07 2.085727e+13 
945 2.736295e-03 8.459232e+07 2.083191e+13 
946 2.739295e-03 8.468037e+07 2.082460e+13 
947 2.742295e-03 8.476797e+07 2.082265e+13 
948 2.745295e-03 8.486858e+07 2.082224e+13 
949 2.748295e-03 8.495985e+07 2.081448e+13 
950 2.751295e-03 8.503113e+07 2.077800e+13 
951 2.754295e-03 8.508746e+07 2.078787e+13 
952 2.757295e-03 8.514983e+07 2.074575e+13 
953 2.760295e-03 8.520935e+07 2.075681e+13 
954 2.763295e-03 8.527818e+07 2.077723e+13 
955 2.766295e-03 8.534734e+07 2.077127e+13 
956 2.769295e-03 8.541482e+07 2.076140e+13 
957 2.772295e-03 8.549647e+07 2.077570e+13 
958 2.775295e-03 8.557469e+07 2.079107e+13 
959 2.778295e-03 8.565416e+07 2.081512e+13 
960 2.781295e-03 8.574486e+07 2.083691e+13 
961 2.784295e-03 8.583497e+07 2.081060e+13 
962 2.787295e-03 8.592635e+07 2.081457e+13 
963 2.790295e-03 8.599959e+07 2.078634e+13 
964 2.793295e-03 8.607308e+07 2.061401e+13 
965 2.796295e-03 8.614866e+07 2.056546e+13 
966 2.799295e-03 8.622198e+07 2.051226e+13 
967 2.802295e-03 8.628394e+07 2.050268e+13 
968 2.805295e-03 8.633217e+07 2.047414e+13 
969 2.808295e-03 8.637457e+07 2.048210e+13 
970 2.811295e-03 8.641817e+07 2.048026e+13 
971 2.814295e-03 8.644543e+07 2.045264e+13 
972 2.817295e-03 8.648978e+07 2.045749e+13 
973 2.820295e-03 8.654294e+07 2.046832e+13 
974 2.823295e-03 8.661105e+07 2.047142e+13 
975 2.826295e-03 8.667541e+07 2.048152e+13 
976 2.829295e-03 8.672764e+07 2.049514e+13 
977 2.832295e-03 8.677278e+07 2.051700e+13 
978 2.835295e-03 8.681880e+07 2.052201e+13 
979 2.838295e-03 8.685939e+07 2.047408e+13 
980 2.841295e-03 8.689990e+07 2.047605e+13 
981 2.844295e-03 8.695367e+07 2.046764e+13 
982 2.847295e-03 8.701789e+07 2.046104e+13 
983 2.850295e-03 8.707542e+07 2.047490e+13 
984 2.853295e-03 8.712992e+07 2.047036e+13 
985 2.856295e-03 8.719092e+07 2.047426e+13 
986 2.859295e-03 8.723924e+07 2.043679e+13 
987 2.862295e-03 8.730297e+07 2.042384e+13 
988 2.865295e-03 8.735134e+07 2.039259e+13 
989 2.868295e-03 8.739937e+07 2.037283e+13 
990 2.871295e-03 8.745661e+07 2.034059e+13 
991 2.874295e-03 8.748434e+07 2.034954e+13 
992 2.877295e-03 8.749872e+07 2.037750e+13 
993 2.880295e-03 8.749963e+07 2.039546e+13 
994 2.883295e-03 8.750951e+07 2.042188e+13 
995 2.886295e-03 8.750968e+07 2.045442e+13 
996 2.889295e-03 8.750445e+07 2.048617e+13 
997 2.892295e-03 8.751289e+07 2.051994e+13 
998 2.895295e-03 8.753312e+07 2.055115e+13 
999 2.898295e-03 8.754736e+07 2.059167e+13 
1000 2.901295e-03 8.756297e+07 2.062531e+13 
1001 2.904295e-03 8.759642e+07 2.064356e+13 
1002 2.907295e-03 8.762915e+07 2.067045e+13 
1003 2.910295e-03 8.766966e+07 2.068392e+13 
1004 2.913295e-03 8.771714e+07 2.069115e+13 
1005 2.916295e-03 8.774458e+07 2.070006e+13 
1006 2.919295e-03 8.778046e+07 2.068372e+13 
1007 2.922295e-03 8.781486e+07 2.068267e+13 
1008 2.925295e-03 8.784102e+07 2.069355e+13 
1009 2.928295e-03 8.786898e+07 2.069375e+13 
1010 2.931295e-03 8.788915e+07 2.071066e+13 
1011 2.934295e-03 8.790553e+07 2.073925e+13 
1012 2.937295e-03 8.790278e+07 2.075331e+13 
1013 2.940295e-03 8.789586e+07 2.077465e+13 
1014 2.943295e-03 8.789647e+07 2.080584e+13 
1015 2.946295e-03 8.789664e+07 2.083634e+13 
1016 2.949295e-03 8.790293e+07 2.086194e+13 
1017 2.952295e-03 8.789594e+07 2.089720e+13 
1018 2.955295e-03 8.789350e+07 2.092980e+13 
1019 2.958295e-03 8.790415e+07 2.093601e+13 
1020 2.961295e-03 8.790380e+07 2.088206e+13 
1021 2.964295e-03 8.792674e+07 2.091256e+13 
1022 2.967295e-03 8.795641e+07 2.089261e+13 
1023 2.970295e-03 8.799149e+07 2.091063e+13 
1024 2.973295e-03 8.802937e+07 2.091397e+13 
1025 2.976295e-03 8.807295e+07 2.093672e+13 
1026 2.979295e-03 8.811336e+07 2.095440e+13 
1027 2.982295e-03 8.816052e+07 2.095977e+13 
1028 2.985295e-03 8.820360e+07 2.097553e+13 
1029 2.988295e-03 8.822999e+07 2.097931e+13 
1030 2.991295e-03 8.823824e+07 2.096964e+13 
1031 2.994295e-03 8.822883e+07 2.093702e+13 
1032 2.997295e-03 8.822743e+07 2.086175e+13 
1033 3.000295e-03 8.824318e+07 2.081329e+13 
1034 3.003295e-03 8.826046e+07 2.081136e+13 
1035 3.006295e-03 8.827246e+07 2.080047e+13 
1036 3.009295e-03 8.826784e+07 2.080039e+13 
1037 3.012295e-03 8.826192e+07 2.080672e+13 
1038 3.015295e-03 8.825969e+07 2.082438e+13 
1039 3.018295e-03 8.823346e+07 2.079086e+13 
1040 3.021295e-03 8.820510e+07 2.080872e+13 
1041 3.024295e-03 8.819771e+07 2.082909e+13 
1042 3.027295e-03 8.822366e+07 2.084141e+13 
1043 3.030295e-03 8.821774e+07 2.083814e+13 
1044 3.033295e-03 8.819397e+07 2.084197e+13 
1045 3.036295e-03 8.818496e+07 2.085546e+13 
1046 3.039295e-03 8.819278e+07 2.085715e+13 
1047 3.042295e-03 8.820876e+07 2.087582e+13 
1048 3.045295e-03 8.822956e+07 2.088762e+13 
1049 3.048295e-03 8.826134e+07 2.090860e+13 
1050 3.051295e-03 8.827381e+07 2.093212e+13 
1051 3.054295e-03 8.827977e+07 2.088045e+13 
1052 3.057295e-03 8.826693e+07 2.085698e+13 
1053 3.060295e-03 8.826334e+07 2.086357e+13 
1054 3.063295e-03 8.826570e+07 2.088643e+13 
1055 3.066295e-03 8.827429e+07 2.091465e+13 
1056 3.069295e-03 8.828253e+07 2.093405e+13 
1057 3.072295e-03 8.828745e+07 2.096056e+13 
1058 3.075295e-03 8.828292e+07 2.097608e+13 
1059 3.078295e-03 8.828649e+07 2.100684e+13 
1060 3.081295e-03 8.828931e+07 2.103303e+13 
1061 3.084295e-03 8.827218e+07 2.106842e+13 
1062 3.087295e-03 8.824253e+07 2.111085e+13 
1063 3.090295e-03 8.823127e+07 2.113869e+13 
1064 3.093295e-03 8.823603e+07 2.116509e+13 
1065 3.096295e-03 8.822425e+07 2.118486e+13 
1066 3.099295e-03 8.821690e+07 2.114873e+13 
1067 3.102295e-03 8.821131e+07 2.118317e+13 
1068 3.105295e-03 8.819329e+07 2.120952e+13 
1069 3.108295e-03 8.818826e+07 2.119594e+13 
1070 3.111295e-03 8.817206e+07 2.122411e+13 
1071 3.114295e-03 8.816397e+07 2.124304e+13 
1072 3.117295e-03 8.816521e+07 2.127114e+13 
1073 3.120295e-03 8.817650e+07 2.130067e+13 
1074 3.123295e-03 8.820391e+07 2.132557e+13 
1075 3.126295e-03 8.824078e+07 2.135509e+13 
1076 3.129295e-03 8.828264e+07 2.136208e+13 
1077 3.132295e-03 8.829926e+07 2.138578e+13 
1078 3.135295e-03 8.832388e+07 2.140264e+13 
1079 3.138295e-03 8.834578e+07 2.138608e+13 
1080 3.141295e-03 8.837611e+07 2.133731e+13 
1081 3.144295e-03 8.839563e+07 2.134975e+13 
1082 3.147295e-03 8.840929e+07 2.136144e+13 
1083 3.150295e-03 8.841177e+07 2.138177e+13 
1084 3.153295e-03 8.843494e+07 2.139547e+13 
1085 3.156295e-03 8.847155e+07 2.141479e+13 
1086 3.159295e-03 8.850283e+07 2.141570e+13 
1087 3.162295e-03 8.847636e+07 2.139414e+13 
1088 3.165295e-03 8.846019e+07 2.141218e+13 
1089 3.168295e-03 8.845430e+07 2.141415e+13 
1090 3.171295e-03 8.845419e+07 2.143804e+13 
1091 3.174295e-03 8.844989e+07 2.146856e+13 
1092 3.177295e-03 8.845437e+07 2.149102e+13 
1093 3.180295e-03 8.843679e+07 2.149321e+13 
1094 3.183295e-03 8.839731e+07 2.153055e+13 
1095 3.186295e-03 8.836786e+07 2.156172e+13 
1096 3.189295e-03 8.835021e+07 2.158575e+13 
1097 3.192295e-03 8.834200e+07 2.161193e+13 
1098 3.195295e-03 8.832044e+07 2.163848e+13 
1099 3.198295e-03 8.827616e+07 2.159397e+13 
1100 3.201295e-03 8.823705e+07 2.157402e+13 
1101 3.204295e-03 8.818525e+07 2.160329e+13 
1102 3.207295e-03 8.810964e+07 2.156338e+13 
1103 3.210295e-03 8.803501e+07 2.155495e+13 
1104 3.213295e-03 8.794863e+07 2.152430e+13 
1105 3.216295e-03 8.785058e+07 2.155248e+13 
1106 3.219295e-03 8.776948e+07 2.155623e+13 
1107 3.222295e-03 8.768072e+07 2.154465e+13 
1108 3.225295e-03 8.759427e+07 2.155645e+13 
1109 3.228295e-03 8.752909e+07 2.157326e+13 
1110 3.231295e-03 8.748169e+07 2.159406e+13 
1111 3.234295e-03 8.743437e+07 2.160099e+13 
1112 3.237295e-03 8.739000e+07 2.160601e+13 
1113 3.240295e-03 8.736216e+07 2.163191e+13 
1114 3.243295e-03 8.734230e+07 2.163057e+13 
1115 3.246295e-03 8.732396e+07 2.165095e+13 
1116 3.249295e-03 8.731509e+07 2.165615e+13 
1117 3.252295e-03 8.732550e+07 2.167346e+13 
1118 3.255295e-03 8.733399e+07 2.169750e+13 
1119 3.258295e-03 8.735976e+07 2.172317e+13 
1120 3.261295e-03 8.738076e+07 2.175361e+13 
1121 3.264295e-03 8.739247e+07 2.169109e+13 
1122 3.267295e-03 8.738621e+07 2.170785e+13 
1123 3.270295e-03 8.738718e+07 2.173234e+13 
1124 3.273295e-03 8.737458e+07 2.175453e+13 
1125 3.276295e-03 8.735930e+07 2.179938e+13 
1126 3.279295e-03 8.734553e+07 2.180438e+13 
1127 3.282295e-03 8.732942e+07 2.181653e+13 
1128 3.285295e-03 8.730877e+07 2.186179e+13 
1129 3.288295e-03 8.730707e+07 2.175455e+13 
1130 3.291295e-03 8.727942e+07 2.178900e+13 
1131 3.294295e-03 8.725506e+07 2.182172e+13 
1132 3.297295e-03 8.722893e+07 2.183384e+13 
1133 3.300295e-03 8.721377e+07 2.186457e+13 
1134 3.303295e-03 8.719007e+07 2.185844e+13 
1135 3.306295e-03 8.717841e+07 2.189063e+13 
1136 3.309295e-03 8.716841e+07 2.189992e+13 
1137 3.312295e-03 8.714567e+07 2.183924e+13 
1138 3.315295e-03 8.712862e+07 2.186167e+13 
1139 3.318295e-03 8.711043e+07 2.188647e+13 
1140 3.321295e-03 8.708047e+07 2.191980e+13 
1141 3.324295e-03 8.702785e+07 2.192230e+13 
1142 3.327295e-03 8.695200e+07 2.192738e+13 
1143 3.330295e-03 8.690254e+07 2.195661e+13 
1144 3.333295e-03 8.685157e+07 2.198380e+13 
1145 3.336295e-03 8.681724e+07 2.202126e+13 
1146 3.339295e-03 8.678790e+07 2.202604e+13 
1147 3.342295e-03 8.677189e+07 2.205302e+13 
1148 3.345295e-03 8.676049e+07 2.208766e+13 
1149 3.348295e-03 8.675052e+07 2.210957e+13 
1150 3.351295e-03 8.671645e+07 2.206932e+13 
1151 3.354295e-03 8.668310e+07 2.209890e+13 
1152 3.357295e-03 8.665463e+07 2.213772e+13 
1153 3.360295e-03 8.663754e+07 2.215186e+13 
1154 3.363295e-03 8.663526e+07 2.214808e+13 
1155 3.366295e-03 8.663465e+07 2.216427e+13 
1156 3.369295e-03 8.665059e+07 2.218818e+13 
1157 3.372295e-03 8.665253e+07 2.220759e+13 
1158 3.375295e-03 8.664390e+07 2.218841e+13 
1159 3.378295e-03 8.662287e+07 2.214906e+13 
1160 3.381295e-03 8.657689e+07 2.216987e+13 
1161 3.384295e-03 8.654239e+07 2.221108e+13 
1162 3.387295e-03 8.649042e+07 2.223773e+13 
1163 3.390295e-03 8.643347e+07 2.227862e+13 
1164 3.393295e-03 8.637878e+07 2.228875e+13 
1165 3.396295e-03 8.633007e+07 2.230883e+13 
1166 3.399295e-03 8.629978e+07 2.233356e+13 
1167 3.402295e-03 8.627012e+07 2.236323e+13 
1168 3.405295e-03 8.623181e+07 2.239313e+13 
1169 3.408295e-03 8.621120e+07 2.240238e+13 
1170 3.411295e-03 8.616530e+07 2.243638e+13 
1171 3.414295e-03 8.610797e+07 2.248341e+13 
1172 3.417295e-03 8.605572e+07 2.253185e+13 
1173 3.420295e-03 8.600837e+07 2.257154e+13 
1174 3.423295e-03 8.596236e+07 2.257049e+13 
1175 3.426295e-03 8.591676e+07 2.254674e+13 
1176 3.429295e-03 8.585885e+07 2.249021e+13 
1177 3.432295e-03 8.579290e+07 2.242036e+13 
1178 3.435295e-03 8.574429e+07 2.237913e+13 
1179 3.438295e-03 8.571583e+07 2.240220e+13 
1180 3.441295e-03 8.569357e+07 2.243872e+13 
1181 3.444295e-03 8.567026e+07 2.239806e+13 
1182 3.447295e-03 8.563894e+07 2.241510e+13 
1183 3.450295e-03 8.561099e+07 2.240329e+13 
1184 3.453295e-03 8.559999e+07 2.242855e+13 
1185 3.456295e-03 8.559131e+07 2.245708e+13 
1186 3.459295e-03 8.557568e+07 2.248274e+13 
1187 3.462295e-03 8.554951e+07 2.251475e+13 
1188 3.465295e-03 8.550532e+07 2.249712e+13 
1189 3.468295e-03 8.544330e+07 2.250603e+13 
1190 3.471295e-03 8.534281e+07 2.255487e+13 
1191 3.474295e-03 8.522337e+07 2.253237e+13 
1192 3.477295e-03 8.513184e+07 2.246370e+13 
1193 3.480295e-03 8.504548e+07 2.247403e+13 
1194 3.483295e-03 8.496426e+07 2.242417e+13 
