# Step Strain Stress Density
1 3.000000e-09 3.083642e+02 2.044331e+12 
2 6.600000e-09 7.395247e+02 2.044292e+12 
3 1.092000e-08 1.077983e+03 2.044418e+12 
4 1.610400e-08 1.747218e+03 2.044269e+12 
5 2.232480e-08 2.448427e+03 2.044107e+12 
6 2.978976e-08 3.676436e+03 2.043807e+12 
7 3.874771e-08 4.673725e+03 2.043926e+12 
8 4.949725e-08 5.922019e+03 2.043906e+12 
9 6.239671e-08 7.574264e+03 2.043841e+12 
10 7.787605e-08 9.661175e+03 2.043611e+12 
11 9.645126e-08 1.168101e+04 2.043906e+12 
12 1.187415e-07 1.393624e+04 2.044318e+12 
13 1.454898e-07 1.704622e+04 2.044534e+12 
14 1.775878e-07 2.162669e+04 2.043894e+12 
15 2.161053e-07 2.658553e+04 2.043918e+12 
16 2.623264e-07 3.159479e+04 2.044569e+12 
17 3.177917e-07 3.920819e+04 2.043635e+12 
18 3.843500e-07 4.766962e+04 2.043410e+12 
19 4.642200e-07 5.749339e+04 2.043787e+12 
20 5.600640e-07 6.910064e+04 2.043683e+12 
21 6.750768e-07 8.244334e+04 2.044768e+12 
22 8.130922e-07 1.007957e+05 2.043494e+12 
23 9.787106e-07 1.222757e+05 2.043271e+12 
24 1.177453e-06 1.474996e+05 2.043943e+12 
25 1.415943e-06 1.799109e+05 2.046255e+12 
26 1.702132e-06 2.123684e+05 2.043872e+12 
27 2.045558e-06 2.536867e+05 2.043774e+12 
28 2.457670e-06 3.077617e+05 2.046703e+12 
29 2.952204e-06 3.641216e+05 2.044534e+12 
30 3.545645e-06 4.388215e+05 2.044667e+12 
31 4.257774e-06 5.234586e+05 2.047802e+12 
32 5.112328e-06 6.316150e+05 2.048130e+12 
33 6.137794e-06 7.603094e+05 2.050009e+12 
34 7.368353e-06 9.128748e+05 2.050165e+12 
35 8.845023e-06 1.087667e+06 2.048070e+12 
36 1.061703e-05 1.295622e+06 2.053257e+12 
37 1.274343e-05 1.549341e+06 2.055925e+12 
38 1.529512e-05 1.860039e+06 2.053543e+12 
39 1.829512e-05 2.231494e+06 2.050057e+12 
40 2.129512e-05 2.587448e+06 2.051130e+12 
41 2.429512e-05 2.952737e+06 2.052095e+12 
42 2.729512e-05 3.313239e+06 2.054294e+12 
43 3.029512e-05 3.684115e+06 2.056558e+12 
44 3.329512e-05 4.049380e+06 2.057841e+12 
45 3.629512e-05 4.431497e+06 2.054409e+12 
46 3.929512e-05 4.784110e+06 2.056155e+12 
47 4.229512e-05 5.144856e+06 2.057192e+12 
48 4.529512e-05 5.510326e+06 2.058872e+12 
49 4.829512e-05 5.881805e+06 2.059018e+12 
50 5.129512e-05 6.251532e+06 2.059740e+12 
51 5.429512e-05 6.604918e+06 2.069043e+12 
52 5.729512e-05 6.967328e+06 2.069965e+12 
53 6.029512e-05 7.339534e+06 2.064878e+12 
54 6.329512e-05 7.707246e+06 2.074969e+12 
55 6.629512e-05 8.070877e+06 2.078000e+12 
56 6.929512e-05 8.440201e+06 2.075049e+12 
57 7.229512e-05 8.785627e+06 2.071011e+12 
58 7.529512e-05 9.153040e+06 2.069133e+12 
59 7.829512e-05 9.509797e+06 2.070327e+12 
60 8.129512e-05 9.872396e+06 2.069164e+12 
61 8.429512e-05 1.023896e+07 2.071595e+12 
62 8.729512e-05 1.059804e+07 2.071216e+12 
63 9.029512e-05 1.094498e+07 2.074290e+12 
64 9.329512e-05 1.129414e+07 2.076571e+12 
65 9.629512e-05 1.164395e+07 2.078738e+12 
66 9.929512e-05 1.199344e+07 2.080927e+12 
67 1.022951e-04 1.234454e+07 2.083501e+12 
68 1.052951e-04 1.268206e+07 2.084759e+12 
69 1.082951e-04 1.302914e+07 2.086151e+12 
70 1.112951e-04 1.337435e+07 2.089033e+12 
71 1.142951e-04 1.372061e+07 2.089364e+12 
72 1.172951e-04 1.406957e+07 2.091191e+12 
73 1.202951e-04 1.441911e+07 2.091502e+12 
74 1.232951e-04 1.476469e+07 2.092132e+12 
75 1.262951e-04 1.510862e+07 2.094146e+12 
76 1.292951e-04 1.544742e+07 2.096091e+12 
77 1.322951e-04 1.578796e+07 2.095672e+12 
78 1.352951e-04 1.613510e+07 2.096260e+12 
79 1.382951e-04 1.648178e+07 2.094368e+12 
80 1.412951e-04 1.682905e+07 2.095761e+12 
81 1.442951e-04 1.716556e+07 2.095786e+12 
82 1.472951e-04 1.750503e+07 2.099559e+12 
83 1.502951e-04 1.783989e+07 2.103620e+12 
84 1.532951e-04 1.817586e+07 2.105894e+12 
85 1.562951e-04 1.850121e+07 2.107951e+12 
86 1.592951e-04 1.883276e+07 2.115441e+12 
87 1.622951e-04 1.916087e+07 2.119743e+12 
88 1.652951e-04 1.951009e+07 2.118030e+12 
89 1.682951e-04 1.986111e+07 2.125123e+12 
90 1.712951e-04 2.021476e+07 2.134781e+12 
91 1.742951e-04 2.056706e+07 2.128555e+12 
92 1.772951e-04 2.090224e+07 2.131006e+12 
93 1.802951e-04 2.123373e+07 2.128073e+12 
94 1.832951e-04 2.157806e+07 2.129128e+12 
95 1.862951e-04 2.192245e+07 2.135661e+12 
96 1.892951e-04 2.227289e+07 2.138550e+12 
97 1.922951e-04 2.261079e+07 2.140155e+12 
98 1.952951e-04 2.293709e+07 2.141300e+12 
99 1.982951e-04 2.326378e+07 2.141786e+12 
100 2.012951e-04 2.358507e+07 2.144158e+12 
101 2.042951e-04 2.391569e+07 2.148405e+12 
102 2.072951e-04 2.425326e+07 2.152053e+12 
103 2.102951e-04 2.457327e+07 2.154678e+12 
104 2.132951e-04 2.488677e+07 2.159843e+12 
105 2.162951e-04 2.521151e+07 2.163024e+12 
106 2.192951e-04 2.553200e+07 2.165131e+12 
107 2.222951e-04 2.585236e+07 2.169834e+12 
108 2.252951e-04 2.618297e+07 2.176625e+12 
109 2.282951e-04 2.649555e+07 2.179524e+12 
110 2.312951e-04 2.680479e+07 2.179354e+12 
111 2.342951e-04 2.712581e+07 2.183123e+12 
112 2.372951e-04 2.744297e+07 2.189436e+12 
113 2.402951e-04 2.776919e+07 2.194511e+12 
114 2.432951e-04 2.809838e+07 2.199470e+12 
115 2.462951e-04 2.839649e+07 2.213370e+12 
116 2.492951e-04 2.871676e+07 2.225933e+12 
117 2.522951e-04 2.903861e+07 2.224361e+12 
118 2.552951e-04 2.934798e+07 2.221212e+12 
119 2.582951e-04 2.965256e+07 2.220660e+12 
120 2.612951e-04 2.996062e+07 2.227442e+12 
121 2.642951e-04 3.028777e+07 2.237052e+12 
122 2.672951e-04 3.059305e+07 2.236340e+12 
123 2.702951e-04 3.090267e+07 2.239845e+12 
124 2.732951e-04 3.118696e+07 2.243214e+12 
125 2.762951e-04 3.148571e+07 2.251886e+12 
126 2.792951e-04 3.177327e+07 2.265771e+12 
127 2.822951e-04 3.206799e+07 2.265065e+12 
128 2.852951e-04 3.237303e+07 2.272314e+12 
129 2.882951e-04 3.268340e+07 2.279082e+12 
130 2.912951e-04 3.298467e+07 2.284590e+12 
131 2.942951e-04 3.327996e+07 2.290598e+12 
132 2.972951e-04 3.355863e+07 2.293022e+12 
133 3.002951e-04 3.385572e+07 2.298035e+12 
134 3.032951e-04 3.415959e+07 2.302338e+12 
135 3.062951e-04 3.445360e+07 2.311440e+12 
136 3.092951e-04 3.474857e+07 2.317658e+12 
137 3.122951e-04 3.505472e+07 2.327063e+12 
138 3.152951e-04 3.535101e+07 2.334798e+12 
139 3.182951e-04 3.565670e+07 2.345797e+12 
140 3.212951e-04 3.595148e+07 2.351285e+12 
141 3.242951e-04 3.623908e+07 2.356716e+12 
142 3.272951e-04 3.654022e+07 2.363147e+12 
143 3.302951e-04 3.684087e+07 2.372424e+12 
144 3.332951e-04 3.713017e+07 2.381082e+12 
145 3.362951e-04 3.742658e+07 2.390136e+12 
146 3.392951e-04 3.772144e+07 2.398702e+12 
147 3.422951e-04 3.801467e+07 2.406141e+12 
148 3.452951e-04 3.829662e+07 2.414622e+12 
149 3.482951e-04 3.858509e+07 2.424648e+12 
150 3.512951e-04 3.886466e+07 2.436536e+12 
151 3.542951e-04 3.911937e+07 2.449194e+12 
152 3.572951e-04 3.938723e+07 2.456496e+12 
153 3.602951e-04 3.964272e+07 2.465967e+12 
154 3.632951e-04 3.991000e+07 2.476138e+12 
155 3.662951e-04 4.019134e+07 2.486759e+12 
156 3.692951e-04 4.047386e+07 2.498985e+12 
157 3.722951e-04 4.075280e+07 2.510441e+12 
158 3.752951e-04 4.103020e+07 2.520996e+12 
159 3.782951e-04 4.129501e+07 2.532384e+12 
160 3.812951e-04 4.157567e+07 2.542472e+12 
161 3.842951e-04 4.183357e+07 2.555606e+12 
162 3.872951e-04 4.209576e+07 2.565576e+12 
163 3.902951e-04 4.235620e+07 2.579005e+12 
164 3.932951e-04 4.262652e+07 2.591742e+12 
165 3.962951e-04 4.289362e+07 2.606149e+12 
166 3.992951e-04 4.317021e+07 2.616651e+12 
167 4.022951e-04 4.344322e+07 2.631334e+12 
168 4.052951e-04 4.369672e+07 2.642693e+12 
169 4.082951e-04 4.398249e+07 2.662763e+12 
170 4.112951e-04 4.423585e+07 2.674128e+12 
171 4.142951e-04 4.448353e+07 2.682005e+12 
172 4.172951e-04 4.473020e+07 2.699565e+12 
173 4.202951e-04 4.498212e+07 2.717052e+12 
174 4.232951e-04 4.522957e+07 2.730406e+12 
175 4.262951e-04 4.547429e+07 2.746282e+12 
176 4.292951e-04 4.572444e+07 2.764229e+12 
177 4.322951e-04 4.596517e+07 2.778069e+12 
178 4.352951e-04 4.617823e+07 2.791661e+12 
179 4.382951e-04 4.638285e+07 2.812788e+12 
180 4.412951e-04 4.658588e+07 2.832029e+12 
181 4.442951e-04 4.678431e+07 2.848604e+12 
182 4.472951e-04 4.698703e+07 2.870928e+12 
183 4.502951e-04 4.718665e+07 2.902545e+12 
184 4.532951e-04 4.739033e+07 2.922048e+12 
185 4.562951e-04 4.758400e+07 2.934038e+12 
186 4.592951e-04 4.777103e+07 2.956137e+12 
187 4.622951e-04 4.795485e+07 2.979545e+12 
188 4.652951e-04 4.814587e+07 3.001562e+12 
189 4.682951e-04 4.832965e+07 3.025012e+12 
190 4.712951e-04 4.851131e+07 3.049378e+12 
191 4.742951e-04 4.868118e+07 3.072949e+12 
192 4.772951e-04 4.884615e+07 3.098859e+12 
193 4.802951e-04 4.902165e+07 3.124172e+12 
194 4.832951e-04 4.918848e+07 3.152128e+12 
195 4.862951e-04 4.935015e+07 3.182555e+12 
196 4.892951e-04 4.952016e+07 3.204731e+12 
197 4.922951e-04 4.965722e+07 3.230994e+12 
198 4.952951e-04 4.980942e+07 3.264268e+12 
199 4.982951e-04 4.995373e+07 3.298618e+12 
200 5.012951e-04 5.012275e+07 3.316752e+12 
201 5.042951e-04 5.024907e+07 3.338818e+12 
202 5.072951e-04 5.038575e+07 3.368360e+12 
203 5.102951e-04 5.052291e+07 3.396977e+12 
204 5.132951e-04 5.067406e+07 3.423873e+12 
205 5.162951e-04 5.082561e+07 3.450975e+12 
206 5.192951e-04 5.097764e+07 3.475488e+12 
207 5.222951e-04 5.115195e+07 3.500359e+12 
208 5.252951e-04 5.133716e+07 3.526502e+12 
209 5.282951e-04 5.150928e+07 3.552746e+12 
210 5.312951e-04 5.168125e+07 3.578323e+12 
211 5.342951e-04 5.186708e+07 3.599164e+12 
212 5.372951e-04 5.205637e+07 3.621390e+12 
213 5.402951e-04 5.224949e+07 3.644838e+12 
214 5.432951e-04 5.244788e+07 3.667398e+12 
215 5.462951e-04 5.264347e+07 3.689512e+12 
216 5.492951e-04 5.283530e+07 3.716440e+12 
217 5.522951e-04 5.303928e+07 3.742303e+12 
218 5.552951e-04 5.322509e+07 3.763239e+12 
219 5.582951e-04 5.341095e+07 3.785140e+12 
220 5.612951e-04 5.359462e+07 3.805129e+12 
221 5.642951e-04 5.377159e+07 3.828885e+12 
222 5.672951e-04 5.395467e+07 3.859483e+12 
223 5.702951e-04 5.414167e+07 3.879785e+12 
224 5.732951e-04 5.428769e+07 3.901067e+12 
225 5.762951e-04 5.444966e+07 3.926721e+12 
226 5.792951e-04 5.463088e+07 3.961197e+12 
227 5.822951e-04 5.480120e+07 3.978867e+12 
228 5.852951e-04 5.494456e+07 4.000458e+12 
229 5.882951e-04 5.510327e+07 4.028458e+12 
230 5.912951e-04 5.526376e+07 4.057262e+12 
231 5.942951e-04 5.540772e+07 4.077698e+12 
232 5.972951e-04 5.555514e+07 4.102491e+12 
233 6.002951e-04 5.572105e+07 4.126341e+12 
234 6.032951e-04 5.586888e+07 4.153932e+12 
235 6.062951e-04 5.600941e+07 4.178908e+12 
236 6.092951e-04 5.615503e+07 4.205806e+12 
237 6.122951e-04 5.630036e+07 4.232706e+12 
238 6.152951e-04 5.645727e+07 4.260370e+12 
239 6.182951e-04 5.660848e+07 4.289944e+12 
240 6.212951e-04 5.675067e+07 4.313885e+12 
241 6.242951e-04 5.690456e+07 4.341512e+12 
242 6.272951e-04 5.705929e+07 4.372241e+12 
243 6.302951e-04 5.722009e+07 4.402842e+12 
244 6.332951e-04 5.738545e+07 4.433832e+12 
245 6.362951e-04 5.753572e+07 4.456553e+12 
246 6.392951e-04 5.770583e+07 4.385779e+12 
247 6.422951e-04 5.785518e+07 4.403195e+12 
248 6.452951e-04 5.801768e+07 4.424479e+12 
249 6.482951e-04 5.820081e+07 4.448606e+12 
250 6.512951e-04 5.838976e+07 4.469642e+12 
251 6.542951e-04 5.858930e+07 4.491285e+12 
252 6.572951e-04 5.878065e+07 4.512558e+12 
253 6.602951e-04 5.897169e+07 4.535653e+12 
254 6.632951e-04 5.915287e+07 4.549870e+12 
255 6.662951e-04 5.931766e+07 4.574121e+12 
256 6.692951e-04 5.947617e+07 4.602883e+12 
257 6.722951e-04 5.965013e+07 4.628744e+12 
258 6.752951e-04 5.979947e+07 4.653263e+12 
259 6.782951e-04 5.994995e+07 4.681732e+12 
260 6.812951e-04 6.011687e+07 4.709732e+12 
261 6.842951e-04 6.027978e+07 4.737615e+12 
262 6.872951e-04 6.044822e+07 4.763865e+12 
263 6.902951e-04 6.060141e+07 4.788938e+12 
264 6.932951e-04 6.075312e+07 4.818965e+12 
265 6.962951e-04 6.090711e+07 4.869384e+12 
266 6.992951e-04 6.102636e+07 4.886095e+12 
267 7.022951e-04 6.113333e+07 4.898943e+12 
268 7.052951e-04 6.124172e+07 4.926689e+12 
269 7.082951e-04 6.135404e+07 4.959433e+12 
270 7.112951e-04 6.147251e+07 4.988371e+12 
271 7.142951e-04 6.156354e+07 5.019025e+12 
272 7.172951e-04 6.166286e+07 5.053275e+12 
273 7.202951e-04 6.175953e+07 5.083256e+12 
274 7.232951e-04 6.185859e+07 5.116951e+12 
275 7.262951e-04 6.195952e+07 5.148806e+12 
276 7.292951e-04 6.205783e+07 5.183364e+12 
277 7.322951e-04 6.215366e+07 5.205609e+12 
278 7.352951e-04 6.225272e+07 5.226138e+12 
279 7.382951e-04 6.235846e+07 5.251969e+12 
280 7.412951e-04 6.247604e+07 5.278535e+12 
281 7.442951e-04 6.259996e+07 5.307779e+12 
282 7.472951e-04 6.272998e+07 5.337480e+12 
283 7.502951e-04 6.285769e+07 5.367469e+12 
284 7.532951e-04 6.298872e+07 5.398007e+12 
285 7.562951e-04 6.312746e+07 5.427236e+12 
286 7.592951e-04 6.324925e+07 5.454180e+12 
287 7.622951e-04 6.335217e+07 5.497830e+12 
288 7.652951e-04 6.343420e+07 5.528488e+12 
289 7.682951e-04 6.353316e+07 5.554694e+12 
290 7.712951e-04 6.363037e+07 5.589299e+12 
291 7.742951e-04 6.374700e+07 5.622558e+12 
292 7.772951e-04 6.387337e+07 5.650746e+12 
293 7.802951e-04 6.398437e+07 5.679697e+12 
294 7.832951e-04 6.409817e+07 5.710730e+12 
295 7.862951e-04 6.419994e+07 5.743007e+12 
296 7.892951e-04 6.431051e+07 5.778499e+12 
297 7.922951e-04 6.442812e+07 5.809069e+12 
298 7.952951e-04 6.453296e+07 5.842325e+12 
299 7.982951e-04 6.464472e+07 5.872499e+12 
300 8.012951e-04 6.473572e+07 5.902988e+12 
301 8.042951e-04 6.484142e+07 5.935242e+12 
302 8.072951e-04 6.495264e+07 5.968639e+12 
303 8.102951e-04 6.506290e+07 6.002587e+12 
304 8.132951e-04 6.514424e+07 6.037783e+12 
305 8.162951e-04 6.522937e+07 6.074959e+12 
306 8.192951e-04 6.532555e+07 6.113726e+12 
307 8.222951e-04 6.539983e+07 6.146047e+12 
308 8.252951e-04 6.548955e+07 6.181894e+12 
309 8.282951e-04 6.556110e+07 6.219263e+12 
310 8.312951e-04 6.563221e+07 6.256811e+12 
311 8.342951e-04 6.569314e+07 6.296278e+12 
312 8.372951e-04 6.576289e+07 6.335229e+12 
313 8.402951e-04 6.582256e+07 6.376984e+12 
314 8.432951e-04 6.588667e+07 6.416754e+12 
315 8.462951e-04 6.594950e+07 6.456161e+12 
316 8.492951e-04 6.600561e+07 6.492392e+12 
317 8.522951e-04 6.605582e+07 6.532674e+12 
318 8.552951e-04 6.609278e+07 6.572510e+12 
319 8.582951e-04 6.613263e+07 6.610998e+12 
320 8.612951e-04 6.618092e+07 6.652582e+12 
321 8.642951e-04 6.623420e+07 6.691768e+12 
322 8.672951e-04 6.628613e+07 6.732752e+12 
323 8.702951e-04 6.635283e+07 6.768574e+12 
324 8.732951e-04 6.640619e+07 6.810359e+12 
325 8.762951e-04 6.646059e+07 6.826231e+12 
326 8.792951e-04 6.650376e+07 6.864883e+12 
327 8.822951e-04 6.656651e+07 6.900897e+12 
328 8.852951e-04 6.662384e+07 6.936680e+12 
329 8.882951e-04 6.667864e+07 6.972641e+12 
330 8.912951e-04 6.671549e+07 7.013296e+12 
331 8.942951e-04 6.674355e+07 7.052635e+12 
332 8.972951e-04 6.678524e+07 7.093085e+12 
333 9.002951e-04 6.683143e+07 7.130163e+12 
334 9.032951e-04 6.689337e+07 7.156716e+12 
335 9.062951e-04 6.696235e+07 7.187107e+12 
336 9.092951e-04 6.704667e+07 7.212338e+12 
337 9.122951e-04 6.714576e+07 7.236840e+12 
338 9.152951e-04 6.725231e+07 7.264536e+12 
339 9.182951e-04 6.735380e+07 7.292719e+12 
340 9.212951e-04 6.747700e+07 7.318194e+12 
341 9.242951e-04 6.760491e+07 7.342489e+12 
342 9.272951e-04 6.774087e+07 7.368210e+12 
343 9.302951e-04 6.785819e+07 7.394863e+12 
344 9.332951e-04 6.797515e+07 7.423589e+12 
345 9.362951e-04 6.809389e+07 7.452019e+12 
346 9.392951e-04 6.821192e+07 7.483716e+12 
347 9.422951e-04 6.833868e+07 7.510145e+12 
348 9.452951e-04 6.845880e+07 7.538248e+12 
349 9.482951e-04 6.858145e+07 7.568246e+12 
350 9.512951e-04 6.870571e+07 7.598115e+12 
351 9.542951e-04 6.882178e+07 7.630657e+12 
352 9.572951e-04 6.893557e+07 7.660759e+12 
353 9.602951e-04 6.905244e+07 7.691311e+12 
354 9.632951e-04 6.915918e+07 7.721885e+12 
355 9.662951e-04 6.926895e+07 7.751563e+12 
356 9.692951e-04 6.938057e+07 7.783090e+12 
357 9.722951e-04 6.948973e+07 7.815541e+12 
358 9.752951e-04 6.961088e+07 7.846196e+12 
359 9.782951e-04 6.973024e+07 7.872686e+12 
360 9.812951e-04 6.985273e+07 7.900805e+12 
361 9.842951e-04 6.997461e+07 7.931297e+12 
362 9.872951e-04 7.007965e+07 7.943068e+12 
363 9.902951e-04 7.017146e+07 7.974479e+12 
364 9.932951e-04 7.023851e+07 8.006700e+12 
365 9.962951e-04 7.029643e+07 8.036453e+12 
366 9.992951e-04 7.033671e+07 8.071957e+12 
367 1.002295e-03 7.036857e+07 8.111673e+12 
368 1.005295e-03 7.040621e+07 8.146296e+12 
369 1.008295e-03 7.043302e+07 8.188418e+12 
370 1.011295e-03 7.045481e+07 8.229358e+12 
371 1.014295e-03 7.048916e+07 8.268951e+12 
372 1.017295e-03 7.050555e+07 8.308681e+12 
373 1.020295e-03 7.054492e+07 8.344447e+12 
374 1.023295e-03 7.057935e+07 8.372055e+12 
375 1.026295e-03 7.058780e+07 8.398003e+12 
376 1.029295e-03 7.059201e+07 8.439313e+12 
377 1.032295e-03 7.060541e+07 8.482565e+12 
378 1.035295e-03 7.061759e+07 8.518151e+12 
379 1.038295e-03 7.062532e+07 8.555389e+12 
380 1.041295e-03 7.063520e+07 8.598935e+12 
381 1.044295e-03 7.067146e+07 8.639069e+12 
382 1.047295e-03 7.070364e+07 8.679340e+12 
383 1.050295e-03 7.076062e+07 8.720644e+12 
384 1.053295e-03 7.079610e+07 8.737442e+12 
385 1.056295e-03 7.085133e+07 8.754644e+12 
386 1.059295e-03 7.093158e+07 8.778408e+12 
387 1.062295e-03 7.101542e+07 8.801939e+12 
388 1.065295e-03 7.110245e+07 8.827014e+12 
389 1.068295e-03 7.119599e+07 8.857333e+12 
390 1.071295e-03 7.129075e+07 8.884718e+12 
391 1.074295e-03 7.137901e+07 8.909196e+12 
392 1.077295e-03 7.147655e+07 8.891382e+12 
393 1.080295e-03 7.156584e+07 8.912051e+12 
394 1.083295e-03 7.164251e+07 8.933138e+12 
395 1.086295e-03 7.172697e+07 8.957487e+12 
396 1.089295e-03 7.184158e+07 8.981745e+12 
397 1.092295e-03 7.196579e+07 9.008172e+12 
398 1.095295e-03 7.209756e+07 9.006184e+12 
399 1.098295e-03 7.222784e+07 9.029647e+12 
400 1.101295e-03 7.236602e+07 9.053304e+12 
401 1.104295e-03 7.248177e+07 9.078375e+12 
402 1.107295e-03 7.259415e+07 9.108531e+12 
403 1.110295e-03 7.269892e+07 9.141783e+12 
404 1.113295e-03 7.280673e+07 9.175387e+12 
405 1.116295e-03 7.290187e+07 9.181033e+12 
406 1.119295e-03 7.298910e+07 9.214356e+12 
407 1.122295e-03 7.308420e+07 9.244555e+12 
408 1.125295e-03 7.319632e+07 9.271730e+12 
409 1.128295e-03 7.329716e+07 9.301490e+12 
410 1.131295e-03 7.339135e+07 9.334601e+12 
411 1.134295e-03 7.349228e+07 9.366868e+12 
412 1.137295e-03 7.359675e+07 9.397571e+12 
413 1.140295e-03 7.370795e+07 9.428253e+12 
414 1.143295e-03 7.383446e+07 9.456381e+12 
415 1.146295e-03 7.395949e+07 9.481839e+12 
416 1.149295e-03 7.410470e+07 9.506156e+12 
417 1.152295e-03 7.423980e+07 9.523868e+12 
418 1.155295e-03 7.437309e+07 9.545040e+12 
419 1.158295e-03 7.449167e+07 9.570746e+12 
420 1.161295e-03 7.460611e+07 9.596081e+12 
421 1.164295e-03 7.474005e+07 9.618634e+12 
422 1.167295e-03 7.487940e+07 9.643780e+12 
423 1.170295e-03 7.502187e+07 9.670300e+12 
424 1.173295e-03 7.516854e+07 9.693272e+12 
425 1.176295e-03 7.532474e+07 9.714580e+12 
426 1.179295e-03 7.548269e+07 9.736507e+12 
427 1.182295e-03 7.563937e+07 9.758934e+12 
428 1.185295e-03 7.580556e+07 9.778194e+12 
429 1.188295e-03 7.597059e+07 9.797795e+12 
430 1.191295e-03 7.614465e+07 9.818728e+12 
431 1.194295e-03 7.630620e+07 9.833555e+12 
432 1.197295e-03 7.647006e+07 9.853412e+12 
433 1.200295e-03 7.664067e+07 9.872362e+12 
434 1.203295e-03 7.681067e+07 9.892344e+12 
435 1.206295e-03 7.697599e+07 9.912254e+12 
436 1.209295e-03 7.714075e+07 9.933846e+12 
437 1.212295e-03 7.730891e+07 9.955659e+12 
438 1.215295e-03 7.746944e+07 9.978419e+12 
439 1.218295e-03 7.761216e+07 1.000348e+13 
440 1.221295e-03 7.775120e+07 1.002151e+13 
441 1.224295e-03 7.789170e+07 1.004558e+13 
442 1.227295e-03 7.802401e+07 1.006885e+13 
443 1.230295e-03 7.814744e+07 1.009829e+13 
444 1.233295e-03 7.827309e+07 1.012821e+13 
445 1.236295e-03 7.839273e+07 1.015630e+13 
446 1.239295e-03 7.851225e+07 1.018364e+13 
447 1.242295e-03 7.862982e+07 1.021267e+13 
448 1.245295e-03 7.875797e+07 1.024077e+13 
449 1.248295e-03 7.888398e+07 1.027403e+13 
450 1.251295e-03 7.900965e+07 1.030527e+13 
451 1.254295e-03 7.913029e+07 1.030418e+13 
452 1.257295e-03 7.924266e+07 1.033975e+13 
453 1.260295e-03 7.934367e+07 1.037336e+13 
454 1.263295e-03 7.945834e+07 1.030535e+13 
455 1.266295e-03 7.956974e+07 1.032640e+13 
456 1.269295e-03 7.969100e+07 1.035452e+13 
457 1.272295e-03 7.981146e+07 1.034966e+13 
458 1.275295e-03 7.993464e+07 1.036622e+13 
459 1.278295e-03 8.006573e+07 1.038758e+13 
460 1.281295e-03 8.019286e+07 1.041062e+13 
461 1.284295e-03 8.032031e+07 1.043897e+13 
462 1.287295e-03 8.044549e+07 1.047261e+13 
463 1.290295e-03 8.058082e+07 1.050287e+13 
464 1.293295e-03 8.072198e+07 1.053209e+13 
465 1.296295e-03 8.086782e+07 1.056249e+13 
466 1.299295e-03 8.100181e+07 1.059050e+13 
467 1.302295e-03 8.113147e+07 1.062136e+13 
468 1.305295e-03 8.126659e+07 1.065261e+13 
469 1.308295e-03 8.140624e+07 1.068402e+13 
470 1.311295e-03 8.154268e+07 1.071261e+13 
471 1.314295e-03 8.168200e+07 1.072484e+13 
472 1.317295e-03 8.180462e+07 1.074664e+13 
473 1.320295e-03 8.190351e+07 1.077677e+13 
474 1.323295e-03 8.200048e+07 1.079150e+13 
475 1.326295e-03 8.209275e+07 1.080924e+13 
476 1.329295e-03 8.219234e+07 1.083115e+13 
477 1.332295e-03 8.229767e+07 1.085700e+13 
478 1.335295e-03 8.238284e+07 1.088371e+13 
479 1.338295e-03 8.247913e+07 1.091367e+13 
480 1.341295e-03 8.257950e+07 1.094395e+13 
481 1.344295e-03 8.268467e+07 1.097060e+13 
482 1.347295e-03 8.277413e+07 1.098774e+13 
483 1.350295e-03 8.286423e+07 1.101909e+13 
484 1.353295e-03 8.296741e+07 1.105116e+13 
485 1.356295e-03 8.306863e+07 1.107697e+13 
486 1.359295e-03 8.316148e+07 1.110471e+13 
487 1.362295e-03 8.323796e+07 1.113606e+13 
488 1.365295e-03 8.331462e+07 1.116873e+13 
489 1.368295e-03 8.337391e+07 1.119985e+13 
490 1.371295e-03 8.343602e+07 1.123409e+13 
491 1.374295e-03 8.349372e+07 1.126639e+13 
492 1.377295e-03 8.354835e+07 1.129534e+13 
493 1.380295e-03 8.362930e+07 1.132848e+13 
494 1.383295e-03 8.372381e+07 1.136447e+13 
495 1.386295e-03 8.380983e+07 1.139877e+13 
496 1.389295e-03 8.389495e+07 1.143356e+13 
497 1.392295e-03 8.398698e+07 1.146733e+13 
498 1.395295e-03 8.408281e+07 1.150256e+13 
499 1.398295e-03 8.417665e+07 1.153755e+13 
500 1.401295e-03 8.424938e+07 1.147808e+13 
501 1.404295e-03 8.429828e+07 1.145841e+13 
502 1.407295e-03 8.437864e+07 1.148292e+13 
503 1.410295e-03 8.444932e+07 1.148425e+13 
504 1.413295e-03 8.450792e+07 1.149438e+13 
505 1.416295e-03 8.458808e+07 1.152418e+13 
506 1.419295e-03 8.466986e+07 1.155111e+13 
507 1.422295e-03 8.474381e+07 1.157319e+13 
508 1.425295e-03 8.479995e+07 1.159406e+13 
509 1.428295e-03 8.485723e+07 1.162271e+13 
510 1.431295e-03 8.492337e+07 1.165331e+13 
511 1.434295e-03 8.497607e+07 1.168274e+13 
512 1.437295e-03 8.502187e+07 1.171447e+13 
513 1.440295e-03 8.506523e+07 1.175041e+13 
514 1.443295e-03 8.510265e+07 1.178789e+13 
515 1.446295e-03 8.513221e+07 1.177761e+13 
516 1.449295e-03 8.516837e+07 1.181041e+13 
517 1.452295e-03 8.520808e+07 1.184326e+13 
518 1.455295e-03 8.524121e+07 1.184866e+13 
519 1.458295e-03 8.529176e+07 1.188364e+13 
520 1.461295e-03 8.534658e+07 1.191924e+13 
521 1.464295e-03 8.541401e+07 1.194965e+13 
522 1.467295e-03 8.547781e+07 1.197805e+13 
523 1.470295e-03 8.554726e+07 1.200921e+13 
524 1.473295e-03 8.562150e+07 1.202443e+13 
525 1.476295e-03 8.568392e+07 1.205740e+13 
526 1.479295e-03 8.574993e+07 1.208875e+13 
527 1.482295e-03 8.581743e+07 1.212135e+13 
528 1.485295e-03 8.588701e+07 1.215764e+13 
529 1.488295e-03 8.595355e+07 1.219298e+13 
530 1.491295e-03 8.602471e+07 1.222918e+13 
531 1.494295e-03 8.608830e+07 1.226425e+13 
532 1.497295e-03 8.614159e+07 1.230020e+13 
533 1.500295e-03 8.616693e+07 1.234018e+13 
534 1.503295e-03 8.618274e+07 1.238194e+13 
535 1.506295e-03 8.619346e+07 1.242118e+13 
536 1.509295e-03 8.621513e+07 1.245178e+13 
537 1.512295e-03 8.622270e+07 1.248729e+13 
538 1.515295e-03 8.623624e+07 1.252568e+13 
539 1.518295e-03 8.623834e+07 1.256402e+13 
540 1.521295e-03 8.625539e+07 1.260283e+13 
541 1.524295e-03 8.627522e+07 1.264312e+13 
542 1.527295e-03 8.630651e+07 1.268361e+13 
543 1.530295e-03 8.633284e+07 1.272320e+13 
544 1.533295e-03 8.636104e+07 1.276578e+13 
545 1.536295e-03 8.639456e+07 1.280931e+13 
546 1.539295e-03 8.643296e+07 1.285324e+13 
547 1.542295e-03 8.646466e+07 1.289851e+13 
548 1.545295e-03 8.650398e+07 1.294656e+13 
549 1.548295e-03 8.655947e+07 1.293742e+13 
550 1.551295e-03 8.659441e+07 1.294587e+13 
551 1.554295e-03 8.663913e+07 1.297864e+13 
552 1.557295e-03 8.668249e+07 1.301639e+13 
553 1.560295e-03 8.673119e+07 1.305659e+13 
554 1.563295e-03 8.675801e+07 1.309056e+13 
555 1.566295e-03 8.679994e+07 1.313338e+13 
556 1.569295e-03 8.683052e+07 1.317335e+13 
557 1.572295e-03 8.686281e+07 1.321717e+13 
558 1.575295e-03 8.690952e+07 1.326102e+13 
559 1.578295e-03 8.694985e+07 1.326288e+13 
560 1.581295e-03 8.699895e+07 1.329720e+13 
561 1.584295e-03 8.704302e+07 1.332810e+13 
562 1.587295e-03 8.709662e+07 1.336093e+13 
563 1.590295e-03 8.715132e+07 1.339462e+13 
564 1.593295e-03 8.722383e+07 1.342996e+13 
565 1.596295e-03 8.730234e+07 1.339386e+13 
566 1.599295e-03 8.739823e+07 1.342130e+13 
567 1.602295e-03 8.749688e+07 1.344803e+13 
568 1.605295e-03 8.760950e+07 1.347615e+13 
569 1.608295e-03 8.770651e+07 1.350912e+13 
570 1.611295e-03 8.779068e+07 1.352191e+13 
571 1.614295e-03 8.787239e+07 1.355493e+13 
572 1.617295e-03 8.795752e+07 1.358036e+13 
573 1.620295e-03 8.798931e+07 1.359262e+13 
574 1.623295e-03 8.799121e+07 1.361565e+13 
575 1.626295e-03 8.799116e+07 1.364024e+13 
576 1.629295e-03 8.797842e+07 1.364791e+13 
577 1.632295e-03 8.796933e+07 1.367598e+13 
578 1.635295e-03 8.794295e+07 1.370972e+13 
579 1.638295e-03 8.790896e+07 1.375189e+13 
580 1.641295e-03 8.785135e+07 1.379259e+13 
581 1.644295e-03 8.779705e+07 1.383922e+13 
582 1.647295e-03 8.771827e+07 1.380902e+13 
583 1.650295e-03 8.762686e+07 1.385748e+13 
584 1.653295e-03 8.755371e+07 1.389157e+13 
585 1.656295e-03 8.750959e+07 1.393257e+13 
586 1.659295e-03 8.746129e+07 1.397131e+13 
587 1.662295e-03 8.741931e+07 1.401245e+13 
588 1.665295e-03 8.737909e+07 1.405231e+13 
589 1.668295e-03 8.736112e+07 1.405824e+13 
590 1.671295e-03 8.733959e+07 1.408980e+13 
591 1.674295e-03 8.730401e+07 1.412761e+13 
592 1.677295e-03 8.728577e+07 1.416321e+13 
593 1.680295e-03 8.725084e+07 1.416041e+13 
594 1.683295e-03 8.721337e+07 1.419952e+13 
595 1.686295e-03 8.717894e+07 1.424157e+13 
596 1.689295e-03 8.714701e+07 1.428006e+13 
597 1.692295e-03 8.712055e+07 1.431789e+13 
598 1.695295e-03 8.709108e+07 1.436241e+13 
599 1.698295e-03 8.706610e+07 1.440635e+13 
600 1.701295e-03 8.704222e+07 1.445162e+13 
601 1.704295e-03 8.702265e+07 1.449950e+13 
602 1.707295e-03 8.698615e+07 1.453733e+13 
603 1.710295e-03 8.695760e+07 1.458242e+13 
604 1.713295e-03 8.693255e+07 1.462938e+13 
605 1.716295e-03 8.686032e+07 1.468057e+13 
606 1.719295e-03 8.679501e+07 1.473107e+13 
607 1.722295e-03 8.676566e+07 1.472729e+13 
608 1.725295e-03 8.673831e+07 1.476654e+13 
609 1.728295e-03 8.671363e+07 1.480516e+13 
610 1.731295e-03 8.669799e+07 1.479462e+13 
611 1.734295e-03 8.668289e+07 1.483025e+13 
612 1.737295e-03 8.665187e+07 1.486722e+13 
613 1.740295e-03 8.662327e+07 1.482482e+13 
614 1.743295e-03 8.660118e+07 1.479174e+13 
615 1.746295e-03 8.659932e+07 1.479057e+13 
616 1.749295e-03 8.660484e+07 1.475014e+13 
617 1.752295e-03 8.661249e+07 1.477253e+13 
618 1.755295e-03 8.660367e+07 1.479664e+13 
619 1.758295e-03 8.660743e+07 1.473610e+13 
620 1.761295e-03 8.658414e+07 1.476195e+13 
621 1.764295e-03 8.658191e+07 1.478921e+13 
622 1.767295e-03 8.659313e+07 1.481737e+13 
623 1.770295e-03 8.659803e+07 1.484569e+13 
624 1.773295e-03 8.659144e+07 1.487109e+13 
625 1.776295e-03 8.658248e+07 1.490030e+13 
626 1.779295e-03 8.657802e+07 1.492482e+13 
627 1.782295e-03 8.656684e+07 1.494842e+13 
628 1.785295e-03 8.656079e+07 1.497604e+13 
629 1.788295e-03 8.656956e+07 1.498668e+13 
630 1.791295e-03 8.656908e+07 1.498218e+13 
631 1.794295e-03 8.657016e+07 1.498054e+13 
632 1.797295e-03 8.657284e+07 1.501188e+13 
633 1.800295e-03 8.656418e+07 1.502501e+13 
634 1.803295e-03 8.656926e+07 1.505321e+13 
635 1.806295e-03 8.658786e+07 1.508160e+13 
636 1.809295e-03 8.662264e+07 1.510705e+13 
637 1.812295e-03 8.666118e+07 1.513173e+13 
638 1.815295e-03 8.671364e+07 1.515833e+13 
639 1.818295e-03 8.675580e+07 1.517909e+13 
640 1.821295e-03 8.679489e+07 1.520594e+13 
641 1.824295e-03 8.683055e+07 1.523710e+13 
642 1.827295e-03 8.686195e+07 1.527221e+13 
643 1.830295e-03 8.688722e+07 1.528164e+13 
644 1.833295e-03 8.692191e+07 1.529522e+13 
645 1.836295e-03 8.696237e+07 1.530717e+13 
646 1.839295e-03 8.699331e+07 1.532618e+13 
647 1.842295e-03 8.700426e+07 1.534670e+13 
648 1.845295e-03 8.701283e+07 1.536948e+13 
649 1.848295e-03 8.702219e+07 1.539292e+13 
650 1.851295e-03 8.701879e+07 1.541642e+13 
651 1.854295e-03 8.702250e+07 1.544459e+13 
652 1.857295e-03 8.702748e+07 1.547755e+13 
653 1.860295e-03 8.702340e+07 1.550642e+13 
654 1.863295e-03 8.702888e+07 1.553768e+13 
655 1.866295e-03 8.702374e+07 1.553942e+13 
656 1.869295e-03 8.700252e+07 1.556361e+13 
657 1.872295e-03 8.699649e+07 1.559261e+13 
658 1.875295e-03 8.698982e+07 1.559827e+13 
659 1.878295e-03 8.699714e+07 1.560678e+13 
660 1.881295e-03 8.701635e+07 1.563677e+13 
661 1.884295e-03 8.703059e+07 1.567055e+13 
662 1.887295e-03 8.702436e+07 1.570083e+13 
663 1.890295e-03 8.703360e+07 1.573345e+13 
664 1.893295e-03 8.703762e+07 1.577700e+13 
665 1.896295e-03 8.705744e+07 1.577013e+13 
666 1.899295e-03 8.708641e+07 1.577391e+13 
667 1.902295e-03 8.714149e+07 1.578990e+13 
668 1.905295e-03 8.720465e+07 1.581169e+13 
669 1.908295e-03 8.726536e+07 1.579717e+13 
670 1.911295e-03 8.732163e+07 1.580915e+13 
671 1.914295e-03 8.735754e+07 1.583369e+13 
672 1.917295e-03 8.740223e+07 1.585599e+13 
673 1.920295e-03 8.745944e+07 1.587895e+13 
674 1.923295e-03 8.753273e+07 1.588852e+13 
675 1.926295e-03 8.760485e+07 1.586957e+13 
676 1.929295e-03 8.768253e+07 1.588219e+13 
677 1.932295e-03 8.773769e+07 1.586833e+13 
678 1.935295e-03 8.778139e+07 1.588739e+13 
679 1.938295e-03 8.782626e+07 1.589177e+13 
680 1.941295e-03 8.787204e+07 1.591056e+13 
681 1.944295e-03 8.791553e+07 1.592660e+13 
682 1.947295e-03 8.795050e+07 1.595135e+13 
683 1.950295e-03 8.798445e+07 1.593626e+13 
684 1.953295e-03 8.801721e+07 1.596157e+13 
685 1.956295e-03 8.804436e+07 1.594603e+13 
686 1.959295e-03 8.806555e+07 1.596256e+13 
687 1.962295e-03 8.808511e+07 1.598300e+13 
688 1.965295e-03 8.808815e+07 1.601003e+13 
689 1.968295e-03 8.806223e+07 1.603467e+13 
690 1.971295e-03 8.802169e+07 1.602495e+13 
691 1.974295e-03 8.798770e+07 1.602301e+13 
692 1.977295e-03 8.794047e+07 1.603636e+13 
693 1.980295e-03 8.788572e+07 1.606035e+13 
694 1.983295e-03 8.783387e+07 1.608354e+13 
695 1.986295e-03 8.775316e+07 1.611179e+13 
696 1.989295e-03 8.767837e+07 1.614478e+13 
697 1.992295e-03 8.758827e+07 1.606596e+13 
698 1.995295e-03 8.749553e+07 1.607512e+13 
699 1.998295e-03 8.740325e+07 1.610822e+13 
700 2.001295e-03 8.732367e+07 1.612432e+13 
701 2.004295e-03 8.722841e+07 1.616025e+13 
702 2.007295e-03 8.714659e+07 1.618572e+13 
703 2.010295e-03 8.708420e+07 1.620052e+13 
704 2.013295e-03 8.702514e+07 1.623703e+13 
705 2.016295e-03 8.692751e+07 1.626814e+13 
706 2.019295e-03 8.682724e+07 1.631308e+13 
707 2.022295e-03 8.672512e+07 1.636349e+13 
708 2.025295e-03 8.664085e+07 1.633675e+13 
709 2.028295e-03 8.655801e+07 1.635776e+13 
710 2.031295e-03 8.648431e+07 1.639103e+13 
711 2.034295e-03 8.641398e+07 1.642641e+13 
712 2.037295e-03 8.632880e+07 1.647304e+13 
713 2.040295e-03 8.626348e+07 1.644812e+13 
714 2.043295e-03 8.621879e+07 1.646908e+13 
715 2.046295e-03 8.616185e+07 1.649369e+13 
716 2.049295e-03 8.610809e+07 1.652387e+13 
717 2.052295e-03 8.605067e+07 1.654527e+13 
718 2.055295e-03 8.597842e+07 1.656633e+13 
719 2.058295e-03 8.590049e+07 1.659563e+13 
720 2.061295e-03 8.582839e+07 1.663533e+13 
721 2.064295e-03 8.575901e+07 1.663051e+13 
722 2.067295e-03 8.569940e+07 1.666559e+13 
723 2.070295e-03 8.565352e+07 1.669528e+13 
724 2.073295e-03 8.560824e+07 1.671820e+13 
725 2.076295e-03 8.555793e+07 1.675215e+13 
726 2.079295e-03 8.552018e+07 1.677307e+13 
727 2.082295e-03 8.547878e+07 1.679525e+13 
728 2.085295e-03 8.544022e+07 1.682733e+13 
729 2.088295e-03 8.539019e+07 1.686149e+13 
730 2.091295e-03 8.535172e+07 1.688976e+13 
731 2.094295e-03 8.532879e+07 1.691129e+13 
732 2.097295e-03 8.529610e+07 1.693402e+13 
733 2.100295e-03 8.524955e+07 1.690937e+13 
734 2.103295e-03 8.520708e+07 1.692824e+13 
735 2.106295e-03 8.517807e+07 1.695881e+13 
736 2.109295e-03 8.516019e+07 1.698398e+13 
737 2.112295e-03 8.516266e+07 1.701615e+13 
738 2.115295e-03 8.516945e+07 1.705014e+13 
739 2.118295e-03 8.516597e+07 1.708496e+13 
740 2.121295e-03 8.518461e+07 1.708857e+13 
741 2.124295e-03 8.520681e+07 1.711598e+13 
742 2.127295e-03 8.521913e+07 1.713640e+13 
743 2.130295e-03 8.523427e+07 1.715750e+13 
744 2.133295e-03 8.524830e+07 1.718199e+13 
745 2.136295e-03 8.526944e+07 1.719861e+13 
746 2.139295e-03 8.529637e+07 1.721933e+13 
747 2.142295e-03 8.533115e+07 1.725180e+13 
748 2.145295e-03 8.537967e+07 1.727954e+13 
749 2.148295e-03 8.540650e+07 1.724877e+13 
750 2.151295e-03 8.543092e+07 1.721263e+13 
751 2.154295e-03 8.545999e+07 1.722775e+13 
752 2.157295e-03 8.550091e+07 1.724269e+13 
753 2.160295e-03 8.553633e+07 1.726208e+13 
754 2.163295e-03 8.556327e+07 1.728444e+13 
755 2.166295e-03 8.557084e+07 1.731279e+13 
756 2.169295e-03 8.556884e+07 1.731187e+13 
757 2.172295e-03 8.555976e+07 1.733885e+13 
758 2.175295e-03 8.552829e+07 1.733441e+13 
759 2.178295e-03 8.546402e+07 1.735534e+13 
760 2.181295e-03 8.544308e+07 1.736499e+13 
761 2.184295e-03 8.544488e+07 1.738152e+13 
762 2.187295e-03 8.545211e+07 1.739333e+13 
763 2.190295e-03 8.544921e+07 1.741219e+13 
764 2.193295e-03 8.545438e+07 1.742308e+13 
765 2.196295e-03 8.543212e+07 1.741740e+13 
766 2.199295e-03 8.540357e+07 1.738809e+13 
767 2.202295e-03 8.537273e+07 1.740501e+13 
768 2.205295e-03 8.535615e+07 1.741729e+13 
769 2.208295e-03 8.533362e+07 1.743055e+13 
770 2.211295e-03 8.531614e+07 1.744224e+13 
771 2.214295e-03 8.532287e+07 1.746617e+13 
772 2.217295e-03 8.535265e+07 1.748799e+13 
773 2.220295e-03 8.537706e+07 1.751601e+13 
774 2.223295e-03 8.540771e+07 1.752139e+13 
775 2.226295e-03 8.541633e+07 1.754157e+13 
776 2.229295e-03 8.543100e+07 1.756697e+13 
777 2.232295e-03 8.545325e+07 1.759030e+13 
778 2.235295e-03 8.547766e+07 1.761581e+13 
779 2.238295e-03 8.548764e+07 1.763970e+13 
780 2.241295e-03 8.548982e+07 1.768067e+13 
781 2.244295e-03 8.550295e+07 1.771716e+13 
782 2.247295e-03 8.551706e+07 1.774286e+13 
783 2.250295e-03 8.554044e+07 1.777177e+13 
784 2.253295e-03 8.557011e+07 1.779512e+13 
785 2.256295e-03 8.561495e+07 1.780980e+13 
786 2.259295e-03 8.565850e+07 1.783454e+13 
787 2.262295e-03 8.570172e+07 1.786078e+13 
788 2.265295e-03 8.576068e+07 1.789012e+13 
789 2.268295e-03 8.582483e+07 1.792123e+13 
790 2.271295e-03 8.589826e+07 1.793539e+13 
791 2.274295e-03 8.596733e+07 1.794752e+13 
792 2.277295e-03 8.604458e+07 1.796592e+13 
793 2.280295e-03 8.610160e+07 1.798429e+13 
794 2.283295e-03 8.615226e+07 1.798275e+13 
795 2.286295e-03 8.618734e+07 1.799735e+13 
796 2.289295e-03 8.622002e+07 1.801688e+13 
797 2.292295e-03 8.623995e+07 1.804395e+13 
798 2.295295e-03 8.624521e+07 1.807335e+13 
799 2.298295e-03 8.625234e+07 1.810718e+13 
800 2.301295e-03 8.626959e+07 1.814330e+13 
801 2.304295e-03 8.628287e+07 1.818213e+13 
802 2.307295e-03 8.629478e+07 1.821809e+13 
803 2.310295e-03 8.631519e+07 1.825048e+13 
804 2.313295e-03 8.634721e+07 1.827812e+13 
805 2.316295e-03 8.637066e+07 1.831214e+13 
806 2.319295e-03 8.638877e+07 1.834117e+13 
807 2.322295e-03 8.639679e+07 1.837615e+13 
808 2.325295e-03 8.638400e+07 1.833838e+13 
809 2.328295e-03 8.635385e+07 1.835619e+13 
810 2.331295e-03 8.631901e+07 1.837814e+13 
811 2.334295e-03 8.631034e+07 1.840680e+13 
812 2.337295e-03 8.631219e+07 1.843771e+13 
813 2.340295e-03 8.629684e+07 1.846598e+13 
814 2.343295e-03 8.629656e+07 1.847909e+13 
815 2.346295e-03 8.630699e+07 1.850293e+13 
816 2.349295e-03 8.631658e+07 1.848214e+13 
817 2.352295e-03 8.632259e+07 1.850006e+13 
818 2.355295e-03 8.632966e+07 1.851776e+13 
819 2.358295e-03 8.633590e+07 1.854677e+13 
820 2.361295e-03 8.634532e+07 1.858005e+13 
821 2.364295e-03 8.636452e+07 1.860315e+13 
822 2.367295e-03 8.639031e+07 1.861352e+13 
823 2.370295e-03 8.641595e+07 1.853650e+13 
824 2.373295e-03 8.643328e+07 1.853227e+13 
825 2.376295e-03 8.645377e+07 1.853788e+13 
826 2.379295e-03 8.646959e+07 1.851281e+13 
827 2.382295e-03 8.649173e+07 1.849551e+13 
828 2.385295e-03 8.653391e+07 1.850947e+13 
829 2.388295e-03 8.656777e+07 1.852252e+13 
830 2.391295e-03 8.658893e+07 1.853761e+13 
831 2.394295e-03 8.662081e+07 1.856158e+13 
832 2.397295e-03 8.663734e+07 1.858329e+13 
833 2.400295e-03 8.666598e+07 1.860188e+13 
834 2.403295e-03 8.667657e+07 1.863748e+13 
835 2.406295e-03 8.667764e+07 1.863764e+13 
836 2.409295e-03 8.666369e+07 1.866698e+13 
837 2.412295e-03 8.665425e+07 1.868022e+13 
838 2.415295e-03 8.663837e+07 1.870028e+13 
839 2.418295e-03 8.663875e+07 1.865874e+13 
840 2.421295e-03 8.662920e+07 1.867207e+13 
841 2.424295e-03 8.659618e+07 1.867760e+13 
842 2.427295e-03 8.656101e+07 1.870313e+13 
843 2.430295e-03 8.652473e+07 1.873609e+13 
844 2.433295e-03 8.649007e+07 1.877583e+13 
845 2.436295e-03 8.645654e+07 1.878836e+13 
846 2.439295e-03 8.643251e+07 1.881413e+13 
847 2.442295e-03 8.642220e+07 1.884479e+13 
848 2.445295e-03 8.641023e+07 1.884142e+13 
849 2.448295e-03 8.639862e+07 1.887075e+13 
850 2.451295e-03 8.639618e+07 1.890423e+13 
851 2.454295e-03 8.642346e+07 1.892993e+13 
852 2.457295e-03 8.644769e+07 1.895739e+13 
853 2.460295e-03 8.643875e+07 1.892062e+13 
854 2.463295e-03 8.641423e+07 1.890572e+13 
855 2.466295e-03 8.637487e+07 1.884442e+13 
856 2.469295e-03 8.633432e+07 1.885727e+13 
857 2.472295e-03 8.631074e+07 1.887868e+13 
858 2.475295e-03 8.629372e+07 1.890627e+13 
859 2.478295e-03 8.626818e+07 1.892419e+13 
